OrderedDict([('tech_stage', array([[0, 0, 0, ..., 2, 2, 2],
       [0, 0, 0, ..., 2, 2, 2],
       [0, 0, 0, ..., 2, 2, 2],
       ...,
       [0, 0, 0, ..., 2, 2, 2],
       [0, 0, 0, ..., 2, 2, 2],
       [0, 0, 1, ..., 2, 2, 2]])), ('res_plants', array([[0, 0, 0, ..., 0, 0, 0],
       [0, 0, 0, ..., 0, 0, 0],
       [0, 0, 0, ..., 0, 0, 0],
       ...,
       [0, 0, 0, ..., 0, 0, 0],
       [0, 0, 0, ..., 0, 0, 0],
       [0, 0, 0, ..., 0, 0, 0]])), ('res_penetration', array([[0., 0., 0., ..., 0., 0., 0.],
       [0., 0., 0., ..., 0., 0., 0.],
       [0., 0., 0., ..., 0., 0., 0.],
       ...,
       [0., 0., 0., ..., 0., 0., 0.],
       [0., 0., 0., ..., 0., 0., 0.],
       [0., 0., 0., ..., 0., 0., 0.]])), ('tax_level', array([[ 0. ,  0. ,  0. , ..., -1.7, -1.7, -1.7],
       [ 0. ,  0. ,  0. , ..., -1.7, -1.7, -1.7],
       [ 0. ,  0. ,  0. , ..., -1.7, -1.7, -1.7],
       ...,
       [ 0. ,  0. ,  0. , ..., -1.7, -1.7, -1.7],
       [ 0. ,  0. ,  0. , ..., -1.7, -1.7, -1.7],
       [ 0. ,  0. ,  0. , ..., -1.7, -1.7, -1.7]])), ('tax_adjustment', array([[ 0,  0,  0, ..., -1, -1, -1],
       [ 0,  0,  0, ..., -1, -1, -1],
       [ 0,  0,  0, ..., -1, -1, -1],
       ...,
       [ 0,  0,  0, ..., -1, -1, -1],
       [ 0,  0,  0, ..., -1, -1, -1],
       [ 0,  0,  0, ..., -1, -1, -1]])), ('co2_price', array([[ 8.52      ,  8.7756    ,  9.038868  , ..., 27.36112409,
        28.18195782, 29.02741655],
       [ 8.52      ,  8.7756    ,  9.038868  , ..., 27.36112409,
        28.18195782, 29.02741655],
       [ 8.52      ,  8.7756    ,  9.038868  , ..., 27.36112409,
        28.18195782, 29.02741655],
       ...,
       [ 8.52      ,  8.7756    ,  9.038868  , ..., 27.36112409,
        28.18195782, 29.02741655],
       [ 8.52      ,  8.7756    ,  9.038868  , ..., 27.36112409,
        28.18195782, 29.02741655],
       [ 8.52      ,  8.7756    ,  9.038868  , ..., 27.36112409,
        28.18195782, 29.02741655]])), ('co2_tax', array([[4.43333088e+07, 4.56633081e+07, 4.70332073e+07, ...,
        1.42371968e+08, 1.46643127e+08, 1.51042420e+08],
       [4.43333088e+07, 4.56633081e+07, 4.70332073e+07, ...,
        1.42371968e+08, 1.46643127e+08, 1.51042420e+08],
       [4.43333088e+07, 4.56633081e+07, 4.70332073e+07, ...,
        1.42371968e+08, 1.46643127e+08, 1.51042420e+08],
       ...,
       [4.43333088e+07, 4.56633081e+07, 4.70332073e+07, ...,
        1.42371968e+08, 1.46643127e+08, 1.51042420e+08],
       [4.43333088e+07, 4.56633081e+07, 4.70332073e+07, ...,
        1.42371968e+08, 1.46643127e+08, 1.51042420e+08],
       [4.43333088e+07, 4.56633081e+07, 4.70332073e+07, ...,
        1.42371968e+08, 1.46643127e+08, 1.51042420e+08]])), ('co2_emissions', array([[5203440., 5203440., 5203440., ..., 5203440., 5203440., 5203440.],
       [5203440., 5203440., 5203440., ..., 5203440., 5203440., 5203440.],
       [5203440., 5203440., 5203440., ..., 5203440., 5203440., 5203440.],
       ...,
       [5203440., 5203440., 5203440., ..., 5203440., 5203440., 5203440.],
       [5203440., 5203440., 5203440., ..., 5203440., 5203440., 5203440.],
       [5203440., 5203440., 5203440., ..., 5203440., 5203440., 5203440.]])), ('cost_total', array([[5.09259059e+08, 5.10589058e+08, 5.11958957e+08, ...,
        6.07297718e+08, 6.11568877e+08, 6.15968170e+08],
       [5.09259059e+08, 5.10589058e+08, 5.11958957e+08, ...,
        6.07297718e+08, 6.11568877e+08, 6.15968170e+08],
       [5.09259059e+08, 5.10589058e+08, 5.11958957e+08, ...,
        6.07297718e+08, 6.11568877e+08, 6.15968170e+08],
       ...,
       [5.09259059e+08, 5.10589058e+08, 5.11958957e+08, ...,
        6.07297718e+08, 6.11568877e+08, 6.15968170e+08],
       [5.09259059e+08, 5.10589058e+08, 5.11958957e+08, ...,
        6.07297718e+08, 6.11568877e+08, 6.15968170e+08],
       [5.09259059e+08, 5.10589058e+08, 5.11958957e+08, ...,
        6.07297718e+08, 6.11568877e+08, 6.15968170e+08]])), ('cost_breakdown', array([[4.43333088e+07, 4.56633081e+07, 4.70332073e+07, 4.84442035e+07,
        4.98975296e+07, 5.13944555e+07, 5.29362892e+07, 5.45243779e+07,
        5.61601092e+07, 5.78449125e+07, 5.95802598e+07, 6.13676676e+07,
        6.32086977e+07, 6.51049586e+07, 6.70581074e+07, 5.52883076e+07,
        5.69469569e+07, 5.86553656e+07, 6.04150265e+07, 6.22274773e+07,
        6.40943016e+07, 6.60171307e+07, 6.79976446e+07, 7.00375739e+07,
        7.21387012e+07, 7.43028622e+07, 7.65319481e+07, 7.88279065e+07,
        8.11927437e+07, 8.36285260e+07, 8.61373818e+07, 8.87215033e+07,
        9.13831483e+07, 9.41246428e+07, 9.69483821e+07, 9.98568335e+07,
        1.02852539e+08, 1.05938115e+08, 1.09116258e+08, 1.12389746e+08,
        1.15761438e+08, 1.19234281e+08, 1.22811310e+08, 1.26495649e+08,
        1.30290519e+08, 1.34199234e+08, 1.38225211e+08, 1.42371968e+08,
        1.46643127e+08, 1.51042420e+08],
       [4.64925750e+08, 4.64925750e+08, 4.64925750e+08, 4.64925750e+08,
        4.64925750e+08, 4.64925750e+08, 4.64925750e+08, 4.64925750e+08,
        4.64925750e+08, 4.64925750e+08, 4.64925750e+08, 4.64925750e+08,
        4.64925750e+08, 4.64925750e+08, 4.64925750e+08, 4.64925750e+08,
        4.64925750e+08, 4.64925750e+08, 4.64925750e+08, 4.64925750e+08,
        4.64925750e+08, 4.64925750e+08, 4.64925750e+08, 4.64925750e+08,
        4.64925750e+08, 4.64925750e+08, 4.64925750e+08, 4.64925750e+08,
        4.64925750e+08, 4.64925750e+08, 4.64925750e+08, 4.64925750e+08,
        4.64925750e+08, 4.64925750e+08, 4.64925750e+08, 4.64925750e+08,
        4.64925750e+08, 4.64925750e+08, 4.64925750e+08, 4.64925750e+08,
        4.64925750e+08, 4.64925750e+08, 4.64925750e+08, 4.64925750e+08,
        4.64925750e+08, 4.64925750e+08, 4.64925750e+08, 4.64925750e+08,
        4.64925750e+08, 4.64925750e+08],
       [0.00000000e+00, 0.00000000e+00, 0.00000000e+00, 0.00000000e+00,
        0.00000000e+00, 0.00000000e+00, 0.00000000e+00, 0.00000000e+00,
        0.00000000e+00, 0.00000000e+00, 0.00000000e+00, 0.00000000e+00,
        0.00000000e+00, 0.00000000e+00, 0.00000000e+00, 0.00000000e+00,
        0.00000000e+00, 0.00000000e+00, 0.00000000e+00, 0.00000000e+00,
        0.00000000e+00, 0.00000000e+00, 0.00000000e+00, 0.00000000e+00,
        0.00000000e+00, 0.00000000e+00, 0.00000000e+00, 0.00000000e+00,
        0.00000000e+00, 0.00000000e+00, 0.00000000e+00, 0.00000000e+00,
        0.00000000e+00, 0.00000000e+00, 0.00000000e+00, 0.00000000e+00,
        0.00000000e+00, 0.00000000e+00, 0.00000000e+00, 0.00000000e+00,
        0.00000000e+00, 0.00000000e+00, 0.00000000e+00, 0.00000000e+00,
        0.00000000e+00, 0.00000000e+00, 0.00000000e+00, 0.00000000e+00,
        0.00000000e+00, 0.00000000e+00],
       [0.00000000e+00, 0.00000000e+00, 0.00000000e+00, 0.00000000e+00,
        0.00000000e+00, 0.00000000e+00, 0.00000000e+00, 0.00000000e+00,
        0.00000000e+00, 0.00000000e+00, 0.00000000e+00, 0.00000000e+00,
        0.00000000e+00, 0.00000000e+00, 0.00000000e+00, 0.00000000e+00,
        0.00000000e+00, 0.00000000e+00, 0.00000000e+00, 0.00000000e+00,
        0.00000000e+00, 0.00000000e+00, 0.00000000e+00, 0.00000000e+00,
        0.00000000e+00, 0.00000000e+00, 0.00000000e+00, 0.00000000e+00,
        0.00000000e+00, 0.00000000e+00, 0.00000000e+00, 0.00000000e+00,
        0.00000000e+00, 0.00000000e+00, 0.00000000e+00, 0.00000000e+00,
        0.00000000e+00, 0.00000000e+00, 0.00000000e+00, 0.00000000e+00,
        0.00000000e+00, 0.00000000e+00, 0.00000000e+00, 0.00000000e+00,
        0.00000000e+00, 0.00000000e+00, 0.00000000e+00, 0.00000000e+00,
        0.00000000e+00, 0.00000000e+00],
       [0.00000000e+00, 0.00000000e+00, 0.00000000e+00, 0.00000000e+00,
        0.00000000e+00, 0.00000000e+00, 0.00000000e+00, 0.00000000e+00,
        0.00000000e+00, 0.00000000e+00, 0.00000000e+00, 0.00000000e+00,
        0.00000000e+00, 0.00000000e+00, 0.00000000e+00, 0.00000000e+00,
        0.00000000e+00, 0.00000000e+00, 0.00000000e+00, 0.00000000e+00,
        0.00000000e+00, 0.00000000e+00, 0.00000000e+00, 0.00000000e+00,
        0.00000000e+00, 0.00000000e+00, 0.00000000e+00, 0.00000000e+00,
        0.00000000e+00, 0.00000000e+00, 0.00000000e+00, 0.00000000e+00,
        0.00000000e+00, 0.00000000e+00, 0.00000000e+00, 0.00000000e+00,
        0.00000000e+00, 0.00000000e+00, 0.00000000e+00, 0.00000000e+00,
        0.00000000e+00, 0.00000000e+00, 0.00000000e+00, 0.00000000e+00,
        0.00000000e+00, 0.00000000e+00, 0.00000000e+00, 0.00000000e+00,
        0.00000000e+00, 0.00000000e+00]])), ('cost_percent', array([[0.01063813, 0.01095727, 0.01128599, 0.01162457, 0.01197331,
        0.01233251, 0.01270248, 0.01308356, 0.01347606, 0.01388034,
        0.01429675, 0.01472566, 0.01516743, 0.01562245, 0.01609112,
        0.01326687, 0.01366487, 0.01407482, 0.01449706, 0.01493198,
        0.01537993, 0.01584133, 0.01631657, 0.01680607, 0.01731025,
        0.01782956, 0.01836445, 0.01891538, 0.01948284, 0.02006733,
        0.02066935, 0.02128943, 0.02192811, 0.02258595, 0.02326353,
        0.02396144, 0.02468028, 0.02542069, 0.02618331, 0.02696881,
        0.02777787, 0.02861121, 0.02946954, 0.03035363, 0.03126424,
        0.03220217, 0.03316823, 0.03416328, 0.03518818, 0.03624382],
       [0.02      , 0.02      , 0.02      , 0.02      , 0.02      ,
        0.02      , 0.02      , 0.02      , 0.02      , 0.02      ,
        0.02      , 0.02      , 0.02      , 0.02      , 0.02      ,
        0.02      , 0.02      , 0.02      , 0.02      , 0.02      ,
        0.02      , 0.02      , 0.02      , 0.02      , 0.02      ,
        0.02      , 0.02      , 0.02      , 0.02      , 0.02      ,
        0.02      , 0.02      , 0.02      , 0.02      , 0.02      ,
        0.02      , 0.02      , 0.02      , 0.02      , 0.02      ,
        0.02      , 0.02      , 0.02      , 0.02      , 0.02      ,
        0.02      , 0.02      , 0.02      , 0.02      , 0.02      ],
       [       nan,        nan,        nan,        nan,        nan,
               nan,        nan,        nan,        nan,        nan,
               nan,        nan,        nan,        nan,        nan,
               nan,        nan,        nan,        nan,        nan,
               nan,        nan,        nan,        nan,        nan,
               nan,        nan,        nan,        nan,        nan,
               nan,        nan,        nan,        nan,        nan,
               nan,        nan,        nan,        nan,        nan,
               nan,        nan,        nan,        nan,        nan,
               nan,        nan,        nan,        nan,        nan],
       [       nan,        nan,        nan,        nan,        nan,
               nan,        nan,        nan,        nan,        nan,
               nan,        nan,        nan,        nan,        nan,
               nan,        nan,        nan,        nan,        nan,
               nan,        nan,        nan,        nan,        nan,
               nan,        nan,        nan,        nan,        nan,
               nan,        nan,        nan,        nan,        nan,
               nan,        nan,        nan,        nan,        nan,
               nan,        nan,        nan,        nan,        nan,
               nan,        nan,        nan,        nan,        nan],
       [       nan,        nan,        nan,        nan,        nan,
               nan,        nan,        nan,        nan,        nan,
               nan,        nan,        nan,        nan,        nan,
               nan,        nan,        nan,        nan,        nan,
               nan,        nan,        nan,        nan,        nan,
               nan,        nan,        nan,        nan,        nan,
               nan,        nan,        nan,        nan,        nan,
               nan,        nan,        nan,        nan,        nan,
               nan,        nan,        nan,        nan,        nan,
               nan,        nan,        nan,        nan,        nan]]))])