OrderedDict([('tech_stage', array([[0, 1, 1, ..., 2, 2, 2],
       [0, 0, 0, ..., 2, 2, 2],
       [0, 0, 1, ..., 2, 2, 2],
       ...,
       [0, 0, 0, ..., 2, 2, 2],
       [0, 0, 0, ..., 2, 2, 2],
       [0, 0, 0, ..., 2, 2, 2]])), ('res_plants', array([[0, 0, 0, ..., 0, 0, 0],
       [0, 0, 0, ..., 0, 0, 0],
       [0, 0, 0, ..., 0, 0, 0],
       ...,
       [0, 0, 0, ..., 0, 0, 0],
       [0, 0, 0, ..., 0, 0, 0],
       [0, 0, 0, ..., 0, 0, 0]])), ('res_penetration', array([[0., 0., 0., ..., 0., 0., 0.],
       [0., 0., 0., ..., 0., 0., 0.],
       [0., 0., 0., ..., 0., 0., 0.],
       ...,
       [0., 0., 0., ..., 0., 0., 0.],
       [0., 0., 0., ..., 0., 0., 0.],
       [0., 0., 0., ..., 0., 0., 0.]])), ('tax_level', array([[ 0.  ,  0.  ,  0.  , ..., -4.73, -4.73, -4.73],
       [ 0.  ,  0.  ,  0.  , ..., -4.73, -4.73, -4.73],
       [ 0.  ,  0.  ,  0.  , ..., -4.73, -4.73, -4.73],
       ...,
       [ 0.  ,  0.  ,  0.  , ..., -4.73, -4.73, -4.73],
       [ 0.  ,  0.  ,  0.  , ..., -4.73, -4.73, -4.73],
       [ 0.  ,  0.  ,  0.  , ..., -4.73, -4.73, -4.73]])), ('tax_adjustment', array([[ 0,  0,  0, ..., -1, -1, -1],
       [ 0,  0,  0, ..., -1, -1, -1],
       [ 0,  0,  0, ..., -1, -1, -1],
       ...,
       [ 0,  0,  0, ..., -1, -1, -1],
       [ 0,  0,  0, ..., -1, -1, -1],
       [ 0,  0,  0, ..., -1, -1, -1]])), ('co2_price', array([[23.63      , 24.3389    , 25.069067  , ..., 75.82481604,
        78.09956052, 80.44254733],
       [23.63      , 24.3389    , 25.069067  , ..., 75.82481604,
        78.09956052, 80.44254733],
       [23.63      , 24.3389    , 25.069067  , ..., 75.82481604,
        78.09956052, 80.44254733],
       ...,
       [23.63      , 24.3389    , 25.069067  , ..., 75.82481604,
        78.09956052, 80.44254733],
       [23.63      , 24.3389    , 25.069067  , ..., 75.82481604,
        78.09956052, 80.44254733],
       [23.63      , 24.3389    , 25.069067  , ..., 75.82481604,
        78.09956052, 80.44254733]])), ('co2_tax', array([[1.22957287e+08, 1.26646006e+08, 1.30445386e+08, ...,
        3.94549881e+08, 4.06386377e+08, 4.18577968e+08],
       [1.22957287e+08, 1.26646006e+08, 1.30445386e+08, ...,
        3.94549881e+08, 4.06386377e+08, 4.18577968e+08],
       [1.22957287e+08, 1.26646006e+08, 1.30445386e+08, ...,
        3.94549881e+08, 4.06386377e+08, 4.18577968e+08],
       ...,
       [1.22957287e+08, 1.26646006e+08, 1.30445386e+08, ...,
        3.94549881e+08, 4.06386377e+08, 4.18577968e+08],
       [1.22957287e+08, 1.26646006e+08, 1.30445386e+08, ...,
        3.94549881e+08, 4.06386377e+08, 4.18577968e+08],
       [1.22957287e+08, 1.26646006e+08, 1.30445386e+08, ...,
        3.94549881e+08, 4.06386377e+08, 4.18577968e+08]])), ('co2_emissions', array([[5203440., 5203440., 5203440., ..., 5203440., 5203440., 5203440.],
       [5203440., 5203440., 5203440., ..., 5203440., 5203440., 5203440.],
       [5203440., 5203440., 5203440., ..., 5203440., 5203440., 5203440.],
       ...,
       [5203440., 5203440., 5203440., ..., 5203440., 5203440., 5203440.],
       [5203440., 5203440., 5203440., ..., 5203440., 5203440., 5203440.],
       [5203440., 5203440., 5203440., ..., 5203440., 5203440., 5203440.]])), ('cost_total', array([[5.87883037e+08, 5.91571756e+08, 5.95371136e+08, ...,
        8.59475631e+08, 8.71312127e+08, 8.83503718e+08],
       [5.87883037e+08, 5.91571756e+08, 5.95371136e+08, ...,
        8.59475631e+08, 8.71312127e+08, 8.83503718e+08],
       [5.87883037e+08, 5.91571756e+08, 5.95371136e+08, ...,
        8.59475631e+08, 8.71312127e+08, 8.83503718e+08],
       ...,
       [5.87883037e+08, 5.91571756e+08, 5.95371136e+08, ...,
        8.59475631e+08, 8.71312127e+08, 8.83503718e+08],
       [5.87883037e+08, 5.91571756e+08, 5.95371136e+08, ...,
        8.59475631e+08, 8.71312127e+08, 8.83503718e+08],
       [5.87883037e+08, 5.91571756e+08, 5.95371136e+08, ...,
        8.59475631e+08, 8.71312127e+08, 8.83503718e+08]])), ('cost_breakdown', array([[1.22957287e+08, 1.26646006e+08, 1.30445386e+08, 1.34358748e+08,
        1.38389510e+08, 1.42541195e+08, 1.46817431e+08, 1.20951965e+08,
        1.24580524e+08, 1.28317940e+08, 1.32167478e+08, 1.36132502e+08,
        1.40216477e+08, 1.44422972e+08, 1.48755661e+08, 1.53218331e+08,
        1.57814880e+08, 1.62549327e+08, 1.67425807e+08, 1.72448581e+08,
        1.77622038e+08, 1.82950699e+08, 1.88439220e+08, 1.94092397e+08,
        1.99915169e+08, 2.05912624e+08, 2.12090003e+08, 2.18452703e+08,
        2.25006284e+08, 2.31756472e+08, 2.38709167e+08, 2.45870442e+08,
        2.53246555e+08, 2.60843951e+08, 2.68669270e+08, 2.76729348e+08,
        2.85031229e+08, 2.93582165e+08, 3.02389630e+08, 3.11461319e+08,
        3.20805159e+08, 3.30429314e+08, 3.40342193e+08, 3.50552459e+08,
        3.61069033e+08, 3.71901104e+08, 3.83058137e+08, 3.94549881e+08,
        4.06386377e+08, 4.18577968e+08],
       [4.64925750e+08, 4.64925750e+08, 4.64925750e+08, 4.64925750e+08,
        4.64925750e+08, 4.64925750e+08, 4.64925750e+08, 4.64925750e+08,
        4.64925750e+08, 4.64925750e+08, 4.64925750e+08, 4.64925750e+08,
        4.64925750e+08, 4.64925750e+08, 4.64925750e+08, 4.64925750e+08,
        4.64925750e+08, 4.64925750e+08, 4.64925750e+08, 4.64925750e+08,
        4.64925750e+08, 4.64925750e+08, 4.64925750e+08, 4.64925750e+08,
        4.64925750e+08, 4.64925750e+08, 4.64925750e+08, 4.64925750e+08,
        4.64925750e+08, 4.64925750e+08, 4.64925750e+08, 4.64925750e+08,
        4.64925750e+08, 4.64925750e+08, 4.64925750e+08, 4.64925750e+08,
        4.64925750e+08, 4.64925750e+08, 4.64925750e+08, 4.64925750e+08,
        4.64925750e+08, 4.64925750e+08, 4.64925750e+08, 4.64925750e+08,
        4.64925750e+08, 4.64925750e+08, 4.64925750e+08, 4.64925750e+08,
        4.64925750e+08, 4.64925750e+08],
       [0.00000000e+00, 0.00000000e+00, 0.00000000e+00, 0.00000000e+00,
        0.00000000e+00, 0.00000000e+00, 0.00000000e+00, 0.00000000e+00,
        0.00000000e+00, 0.00000000e+00, 0.00000000e+00, 0.00000000e+00,
        0.00000000e+00, 0.00000000e+00, 0.00000000e+00, 0.00000000e+00,
        0.00000000e+00, 0.00000000e+00, 0.00000000e+00, 0.00000000e+00,
        0.00000000e+00, 0.00000000e+00, 0.00000000e+00, 0.00000000e+00,
        0.00000000e+00, 0.00000000e+00, 0.00000000e+00, 0.00000000e+00,
        0.00000000e+00, 0.00000000e+00, 0.00000000e+00, 0.00000000e+00,
        0.00000000e+00, 0.00000000e+00, 0.00000000e+00, 0.00000000e+00,
        0.00000000e+00, 0.00000000e+00, 0.00000000e+00, 0.00000000e+00,
        0.00000000e+00, 0.00000000e+00, 0.00000000e+00, 0.00000000e+00,
        0.00000000e+00, 0.00000000e+00, 0.00000000e+00, 0.00000000e+00,
        0.00000000e+00, 0.00000000e+00],
       [0.00000000e+00, 0.00000000e+00, 0.00000000e+00, 0.00000000e+00,
        0.00000000e+00, 0.00000000e+00, 0.00000000e+00, 0.00000000e+00,
        0.00000000e+00, 0.00000000e+00, 0.00000000e+00, 0.00000000e+00,
        0.00000000e+00, 0.00000000e+00, 0.00000000e+00, 0.00000000e+00,
        0.00000000e+00, 0.00000000e+00, 0.00000000e+00, 0.00000000e+00,
        0.00000000e+00, 0.00000000e+00, 0.00000000e+00, 0.00000000e+00,
        0.00000000e+00, 0.00000000e+00, 0.00000000e+00, 0.00000000e+00,
        0.00000000e+00, 0.00000000e+00, 0.00000000e+00, 0.00000000e+00,
        0.00000000e+00, 0.00000000e+00, 0.00000000e+00, 0.00000000e+00,
        0.00000000e+00, 0.00000000e+00, 0.00000000e+00, 0.00000000e+00,
        0.00000000e+00, 0.00000000e+00, 0.00000000e+00, 0.00000000e+00,
        0.00000000e+00, 0.00000000e+00, 0.00000000e+00, 0.00000000e+00,
        0.00000000e+00, 0.00000000e+00],
       [0.00000000e+00, 0.00000000e+00, 0.00000000e+00, 0.00000000e+00,
        0.00000000e+00, 0.00000000e+00, 0.00000000e+00, 0.00000000e+00,
        0.00000000e+00, 0.00000000e+00, 0.00000000e+00, 0.00000000e+00,
        0.00000000e+00, 0.00000000e+00, 0.00000000e+00, 0.00000000e+00,
        0.00000000e+00, 0.00000000e+00, 0.00000000e+00, 0.00000000e+00,
        0.00000000e+00, 0.00000000e+00, 0.00000000e+00, 0.00000000e+00,
        0.00000000e+00, 0.00000000e+00, 0.00000000e+00, 0.00000000e+00,
        0.00000000e+00, 0.00000000e+00, 0.00000000e+00, 0.00000000e+00,
        0.00000000e+00, 0.00000000e+00, 0.00000000e+00, 0.00000000e+00,
        0.00000000e+00, 0.00000000e+00, 0.00000000e+00, 0.00000000e+00,
        0.00000000e+00, 0.00000000e+00, 0.00000000e+00, 0.00000000e+00,
        0.00000000e+00, 0.00000000e+00, 0.00000000e+00, 0.00000000e+00,
        0.00000000e+00, 0.00000000e+00]])), ('cost_percent', array([[0.01089892, 0.01122589, 0.01156267, 0.01190955, 0.01226683,
        0.01263484, 0.01301388, 0.01072117, 0.01104281, 0.01137409,
        0.01171531, 0.01206677, 0.01242878, 0.01280164, 0.01318569,
        0.01358126, 0.0139887 , 0.01440836, 0.01484061, 0.01528583,
        0.0157444 , 0.01621673, 0.01670323, 0.01720433, 0.01772046,
        0.01825208, 0.01879964, 0.01936363, 0.01994454, 0.02054287,
        0.02115916, 0.02179393, 0.02244775, 0.02312118, 0.02381482,
        0.02452926, 0.02526514, 0.0260231 , 0.02680379, 0.0276079 ,
        0.02843614, 0.02928922, 0.0301679 , 0.03107294, 0.03200513,
        0.03296528, 0.03395424, 0.03497286, 0.03602205, 0.03710271],
       [0.02      , 0.02      , 0.02      , 0.02      , 0.02      ,
        0.02      , 0.02      , 0.02      , 0.02      , 0.02      ,
        0.02      , 0.02      , 0.02      , 0.02      , 0.02      ,
        0.02      , 0.02      , 0.02      , 0.02      , 0.02      ,
        0.02      , 0.02      , 0.02      , 0.02      , 0.02      ,
        0.02      , 0.02      , 0.02      , 0.02      , 0.02      ,
        0.02      , 0.02      , 0.02      , 0.02      , 0.02      ,
        0.02      , 0.02      , 0.02      , 0.02      , 0.02      ,
        0.02      , 0.02      , 0.02      , 0.02      , 0.02      ,
        0.02      , 0.02      , 0.02      , 0.02      , 0.02      ],
       [       nan,        nan,        nan,        nan,        nan,
               nan,        nan,        nan,        nan,        nan,
               nan,        nan,        nan,        nan,        nan,
               nan,        nan,        nan,        nan,        nan,
               nan,        nan,        nan,        nan,        nan,
               nan,        nan,        nan,        nan,        nan,
               nan,        nan,        nan,        nan,        nan,
               nan,        nan,        nan,        nan,        nan,
               nan,        nan,        nan,        nan,        nan,
               nan,        nan,        nan,        nan,        nan],
       [       nan,        nan,        nan,        nan,        nan,
               nan,        nan,        nan,        nan,        nan,
               nan,        nan,        nan,        nan,        nan,
               nan,        nan,        nan,        nan,        nan,
               nan,        nan,        nan,        nan,        nan,
               nan,        nan,        nan,        nan,        nan,
               nan,        nan,        nan,        nan,        nan,
               nan,        nan,        nan,        nan,        nan,
               nan,        nan,        nan,        nan,        nan,
               nan,        nan,        nan,        nan,        nan],
       [       nan,        nan,        nan,        nan,        nan,
               nan,        nan,        nan,        nan,        nan,
               nan,        nan,        nan,        nan,        nan,
               nan,        nan,        nan,        nan,        nan,
               nan,        nan,        nan,        nan,        nan,
               nan,        nan,        nan,        nan,        nan,
               nan,        nan,        nan,        nan,        nan,
               nan,        nan,        nan,        nan,        nan,
               nan,        nan,        nan,        nan,        nan,
               nan,        nan,        nan,        nan,        nan]]))])