OrderedDict([('tech_stage', array([[0, 0, 0, ..., 2, 2, 2],
       [0, 0, 1, ..., 2, 2, 2],
       [0, 0, 0, ..., 2, 2, 2],
       ...,
       [0, 0, 0, ..., 2, 2, 2],
       [0, 0, 0, ..., 2, 2, 2],
       [0, 1, 1, ..., 2, 2, 2]])), ('res_plants', array([[0, 0, 0, ..., 5, 5, 5],
       [0, 0, 0, ..., 5, 5, 5],
       [0, 0, 0, ..., 5, 5, 5],
       ...,
       [0, 0, 0, ..., 5, 5, 5],
       [0, 0, 0, ..., 5, 5, 5],
       [0, 0, 0, ..., 5, 5, 5]])), ('res_penetration', array([[0.        , 0.        , 0.        , ..., 0.33333333, 0.33333333,
        0.33333333],
       [0.        , 0.06666667, 0.26666667, ..., 0.33333333, 0.33333333,
        0.33333333],
       [0.        , 0.        , 0.        , ..., 0.33333333, 0.33333333,
        0.33333333],
       ...,
       [0.        , 0.        , 0.        , ..., 0.33333333, 0.33333333,
        0.33333333],
       [0.        , 0.        , 0.        , ..., 0.33333333, 0.33333333,
        0.33333333],
       [0.        , 0.        , 0.        , ..., 0.33333333, 0.33333333,
        0.33333333]])), ('tax_level', array([[  0.  ,   0.  ,   0.  , ..., -24.64, -24.64, -24.64],
       [  0.  ,   0.  ,   0.  , ..., -24.64, -24.64, -24.64],
       [  0.  ,   0.  ,   0.  , ..., -24.64, -24.64, -24.64],
       ...,
       [  0.  ,   0.  ,   0.  , ..., -24.64, -24.64, -24.64],
       [  0.  ,   0.  ,   0.  , ..., -24.64, -24.64, -24.64],
       [  0.  ,   0.  ,   0.  , ..., -24.64, -24.64, -24.64]])), ('tax_adjustment', array([[ 0,  0,  0, ..., -1, -1, -1],
       [ 0,  0,  0, ..., -1, -1, -1],
       [ 0,  0,  0, ..., -1, -1, -1],
       ...,
       [ 0,  0,  0, ..., -1, -1, -1],
       [ 0,  0,  0, ..., -1, -1, -1],
       [ 0,  0,  0, ..., -1, -1, -1]])), ('co2_price', array([[123.18      , 126.8754    , 130.681662  , ..., 395.3321361 ,
        407.19210018, 419.40786319],
       [123.18      , 126.8754    , 130.681662  , ..., 395.3321361 ,
        407.19210018, 419.40786319],
       [123.18      , 126.8754    , 130.681662  , ..., 395.3321361 ,
        407.19210018, 419.40786319],
       ...,
       [123.18      , 126.8754    , 130.681662  , ..., 395.3321361 ,
        407.19210018, 419.40786319],
       [123.18      , 126.8754    , 130.681662  , ..., 395.3321361 ,
        407.19210018, 419.40786319],
       [123.18      , 126.8754    , 130.681662  , ..., 395.3321361 ,
        407.19210018, 419.40786319]])), ('co2_tax', array([[6.40959739e+08, 6.16175963e+08, 6.34661241e+08, ...,
        1.37139137e+09, 1.41253311e+09, 1.45490910e+09],
       [6.40959739e+08, 6.60188531e+08, 6.79994187e+08, ...,
        1.37139137e+09, 1.41253311e+09, 1.45490910e+09],
       [6.40959739e+08, 6.60188531e+08, 6.79994187e+08, ...,
        1.37139137e+09, 1.41253311e+09, 1.45490910e+09],
       ...,
       [6.40959739e+08, 6.60188531e+08, 6.79994187e+08, ...,
        1.37139137e+09, 1.41253311e+09, 1.45490910e+09],
       [6.40959739e+08, 6.60188531e+08, 6.79994187e+08, ...,
        1.37139137e+09, 1.41253311e+09, 1.45490910e+09],
       [6.40959739e+08, 6.16175963e+08, 6.34661241e+08, ...,
        1.37139137e+09, 1.41253311e+09, 1.45490910e+09]])), ('co2_emissions', array([[5203440., 5203440., 5203440., ..., 3468960., 3468960., 3468960.],
       [5203440., 5203440., 5203440., ..., 3468960., 3468960., 3468960.],
       [5203440., 5203440., 5203440., ..., 3468960., 3468960., 3468960.],
       ...,
       [5203440., 5203440., 5203440., ..., 3468960., 3468960., 3468960.],
       [5203440., 5203440., 5203440., ..., 3468960., 3468960., 3468960.],
       [5203440., 5203440., 5203440., ..., 3468960., 3468960., 3468960.]])), ('cost_total', array([[1.10588549e+09, 2.13132906e+09, 1.07769656e+09, ...,
        1.73100699e+09, 1.77214873e+09, 1.81452472e+09],
       [1.10588549e+09, 1.12511428e+09, 1.14491994e+09, ...,
        1.73100699e+09, 1.77214873e+09, 1.81452472e+09],
       [1.10588549e+09, 2.13132906e+09, 1.07769656e+09, ...,
        1.73100699e+09, 1.77214873e+09, 1.81452472e+09],
       ...,
       [1.10588549e+09, 1.12511428e+09, 1.14491994e+09, ...,
        1.73100699e+09, 1.77214873e+09, 1.81452472e+09],
       [1.10588549e+09, 1.12511428e+09, 1.14491994e+09, ...,
        1.73100699e+09, 1.77214873e+09, 1.81452472e+09],
       [1.10588549e+09, 1.12511428e+09, 1.14491994e+09, ...,
        1.73100699e+09, 1.77214873e+09, 1.81452472e+09]])), ('cost_breakdown', array([[6.40959739e+08, 6.54907023e+08, 6.67754292e+08, 6.79148728e+08,
        6.71388362e+08, 6.82365754e+08, 6.96458898e+08, 6.94754742e+08,
        6.99087763e+08, 5.68665730e+08, 5.80902079e+08, 5.88155890e+08,
        5.95322117e+08, 6.03894951e+08, 6.16065718e+08, 6.30020912e+08,
        6.38225031e+08, 6.55111801e+08, 6.67490844e+08, 6.68034962e+08,
        6.83136928e+08, 6.97589920e+08, 7.14587712e+08, 7.28267057e+08,
        7.42818905e+08, 7.60451300e+08, 7.67046649e+08, 7.85881865e+08,
        8.07112064e+08, 8.28103235e+08, 8.50042332e+08, 8.72125179e+08,
        8.95208080e+08, 9.21610997e+08, 9.48792402e+08, 9.76775240e+08,
        1.00607850e+09, 1.03575063e+09, 1.06682315e+09, 1.09882784e+09,
        1.13179268e+09, 1.16574646e+09, 1.20071885e+09, 1.23674042e+09,
        1.27384263e+09, 1.31205791e+09, 1.35141965e+09, 1.39196224e+09,
        1.43372110e+09, 1.47673274e+09],
       [4.64925750e+08, 4.61206344e+08, 4.56557086e+08, 4.50823002e+08,
        4.32690898e+08, 4.26956814e+08, 4.23082432e+08, 4.09754561e+08,
        4.00301071e+08, 3.95186888e+08, 3.91932407e+08, 3.85268472e+08,
        3.78604536e+08, 3.72870452e+08, 3.69306021e+08, 3.66671442e+08,
        3.60627407e+08, 3.59387605e+08, 3.55513224e+08, 3.45439832e+08,
        3.42960228e+08, 3.40015698e+08, 3.38155996e+08, 3.34591565e+08,
        3.31337084e+08, 3.29322406e+08, 3.22503495e+08, 3.20798768e+08,
        3.19868916e+08, 3.18629114e+08, 3.17544287e+08, 3.16304485e+08,
        3.15219658e+08, 3.15064683e+08, 3.14909708e+08, 3.14754733e+08,
        3.14754733e+08, 3.14599758e+08, 3.14599758e+08, 3.14599758e+08,
        3.14599758e+08, 3.14599758e+08, 3.14599758e+08, 3.14599758e+08,
        3.14599758e+08, 3.14599758e+08, 3.14599758e+08, 3.14599758e+08,
        3.14599758e+08, 3.14599758e+08],
       [0.00000000e+00, 8.65920000e+06, 1.06172800e+07, 1.22852160e+07,
        4.01444800e+07, 1.57938080e+07, 1.27877600e+07, 3.01571520e+07,
        2.49236320e+07, 1.70187040e+07, 1.46103520e+07, 1.95770560e+07,
        2.32508960e+07, 2.05356160e+07, 1.68521760e+07, 1.57893120e+07,
        2.17172000e+07, 1.45436000e+07, 1.89169280e+07, 3.52523040e+07,
        1.87946560e+07, 2.08952000e+07, 1.84875680e+07, 2.16112960e+07,
        2.14955200e+07, 1.91945120e+07, 3.08092960e+07, 2.04084800e+07,
        1.83509120e+07, 1.99148160e+07, 1.93066400e+07, 1.98936800e+07,
        1.93788320e+07, 1.77006080e+07, 1.76052160e+07, 1.75687680e+07,
        1.72697600e+07, 1.74733760e+07, 1.72529600e+07, 1.72529600e+07,
        1.72529600e+07, 1.72333120e+07, 1.72136640e+07, 1.71940160e+07,
        1.71743680e+07, 1.71743680e+07, 1.71743680e+07, 1.71547200e+07,
        1.71547200e+07, 1.71350720e+07],
       [0.00000000e+00, 6.75858464e+07, 8.55921177e+07, 1.07161466e+08,
        3.81359181e+08, 1.23693756e+08, 8.02880969e+07, 2.88866890e+08,
        2.07620856e+08, 1.12517300e+08, 7.56791867e+07, 1.66649625e+08,
        1.55135730e+08, 1.38822231e+08, 9.53009782e+07, 7.57635683e+07,
        1.49647820e+08, 4.71893057e+07, 1.04461264e+08, 2.63869187e+08,
        8.02651807e+07, 8.87398513e+07, 6.67991378e+07, 1.06307162e+08,
        9.98104448e+07, 7.33689334e+07, 2.17531851e+08, 6.96611562e+07,
        5.30005748e+07, 5.84981835e+07, 5.61124708e+07, 5.78937373e+07,
        5.60627800e+07, 3.45998272e+07, 3.40818981e+07, 3.41184121e+07,
        3.07882406e+07, 3.41549261e+07, 3.08247546e+07, 3.08247546e+07,
        3.08247546e+07, 3.08247546e+07, 3.08247546e+07, 3.08247546e+07,
        3.08247546e+07, 3.08247546e+07, 3.08247546e+07, 3.08247546e+07,
        3.08247546e+07, 3.08247546e+07],
       [0.00000000e+00, 5.35016416e+07, 7.18462758e+07, 9.73890147e+07,
        3.27912902e+08, 1.06626888e+08, 6.63034725e+07, 2.67393197e+08,
        1.85314836e+08, 9.89349463e+07, 5.98770986e+07, 1.58489310e+08,
        1.24465564e+08, 1.20456374e+08, 7.97408973e+07, 5.83434804e+07,
        1.32197963e+08, 2.62480693e+07, 8.45735008e+07, 1.99510675e+08,
        5.40781748e+07, 5.46701758e+07, 3.87476944e+07, 7.72741748e+07,
        6.96091652e+07, 4.62181988e+07, 1.58070281e+08, 3.52132776e+07,
        2.47934008e+07, 2.28315473e+07, 2.38128285e+07, 2.40102202e+07,
        2.44024114e+07, 4.15738287e+06, 3.56832260e+06, 3.56835824e+06,
        3.00509896e+04, 3.56839388e+06, 3.00866293e+04, 3.00866293e+04,
        3.00866293e+04, 3.00866293e+04, 3.00866293e+04, 3.00866293e+04,
        3.00866293e+04, 3.00866293e+04, 3.00866293e+04, 3.00866293e+04,
        3.00866293e+04, 3.00866293e+04]])), ('cost_percent', array([[1.49307668e-02, 1.52402816e-02, 1.55126894e-02, 1.58094792e-02,
        1.57012003e-02, 1.58375985e-02, 1.61522734e-02, 1.62512195e-02,
        1.64676575e-02, 1.34908771e-02, 1.37511363e-02, 1.38219787e-02,
        1.38619897e-02, 1.41258330e-02, 1.43508757e-02, 1.45829106e-02,
        1.48990081e-02, 1.50827540e-02, 1.54267882e-02, 1.53171197e-02,
        1.56112447e-02, 1.59832972e-02, 1.63331077e-02, 1.67288098e-02,
        1.71335543e-02, 1.75641998e-02, 1.76532295e-02, 1.81297637e-02,
        1.86372202e-02, 1.91494249e-02, 1.97045800e-02, 2.02758099e-02,
        2.08738318e-02, 2.14789268e-02, 2.21232947e-02, 2.27533844e-02,
        2.33667511e-02, 2.40677536e-02, 2.47897862e-02, 2.55334798e-02,
        2.62994842e-02, 2.70884687e-02, 2.79011228e-02, 2.87381565e-02,
        2.96003012e-02, 3.04883102e-02, 3.14029595e-02, 3.23450483e-02,
        3.33153997e-02, 3.43148617e-02],
       [2.64809470e-02, 2.62426184e-02, 2.59336741e-02, 2.56600376e-02,
        2.47420314e-02, 2.42300665e-02, 2.39917379e-02, 2.34356381e-02,
        2.30560778e-02, 2.29236731e-02, 2.26853446e-02, 2.21380717e-02,
        2.15554908e-02, 2.13259893e-02, 2.10346989e-02, 2.07522354e-02,
        2.05845228e-02, 2.02314435e-02, 2.00902118e-02, 1.93663992e-02,
        1.91633786e-02, 1.90486278e-02, 1.88985691e-02, 1.87926454e-02,
        1.86867216e-02, 1.85984517e-02, 1.81482756e-02, 1.80953138e-02,
        1.80600058e-02, 1.80158709e-02, 1.79982169e-02, 1.79805630e-02,
        1.79717360e-02, 1.79540820e-02, 1.79540820e-02, 1.79276011e-02,
        1.78746392e-02, 1.78746392e-02, 1.78746392e-02, 1.78746392e-02,
        1.78746392e-02, 1.78746392e-02, 1.78746392e-02, 1.78746392e-02,
        1.78746392e-02, 1.78746392e-02, 1.78746392e-02, 1.78746392e-02,
        1.78746392e-02, 1.78746392e-02],
       [0.00000000e+00, 1.03756431e-02, 1.17111759e-02, 1.20799172e-02,
        3.97714581e-02, 2.26924185e-02, 1.34877225e-02, 2.59807910e-02,
        2.10026806e-02, 1.25495776e-02, 1.55114032e-02, 2.57158487e-02,
        3.09881443e-02, 1.96047764e-02, 2.16045650e-02, 2.14250171e-02,
        1.81953181e-02, 2.45755078e-02, 1.84665827e-02, 4.28994712e-02,
        2.28873207e-02, 1.99670249e-02, 2.11302864e-02, 1.97103647e-02,
        2.06727766e-02, 1.95586965e-02, 3.57003921e-02, 2.03306709e-02,
        1.93501100e-02, 1.95738803e-02, 1.88651976e-02, 1.88608009e-02,
        1.86238405e-02, 1.88542059e-02, 1.83428282e-02, 1.94747506e-02,
        2.06576268e-02, 1.84538358e-02, 1.84381406e-02, 1.84172138e-02,
        1.83805919e-02, 1.83805919e-02, 1.83805919e-02, 1.83805919e-02,
        1.83596651e-02, 1.83387383e-02, 1.83230432e-02, 1.83230432e-02,
        1.83230432e-02, 1.83021164e-02],
       [0.00000000e+00, 1.73930551e-02, 2.30713634e-02, 2.05226230e-02,
        7.80759987e-02, 4.40386924e-02, 2.02958124e-02, 4.93377377e-02,
        3.39213499e-02, 1.29433514e-02, 2.17713824e-02, 5.13383981e-02,
        5.22804020e-02, 2.29338611e-02, 2.87052382e-02, 2.84879119e-02,
        1.89581472e-02, 3.49377258e-02, 1.70880797e-02, 7.41612109e-02,
        2.42095502e-02, 1.65105570e-02, 1.99566050e-02, 1.61611640e-02,
        1.58085750e-02, 1.46926485e-02, 5.39002911e-02, 1.19375572e-02,
        1.04860276e-02, 1.14233633e-02, 8.77699331e-03, 8.79648003e-03,
        7.91760449e-03, 8.82571011e-03, 7.04847231e-03, 9.32064426e-03,
        1.16113777e-02, 7.10415674e-03, 7.10415674e-03, 7.10415674e-03,
        7.10415674e-03, 7.10415674e-03, 7.10415674e-03, 7.10415674e-03,
        7.10415674e-03, 7.10415674e-03, 7.10415674e-03, 7.10415674e-03,
        7.10415674e-03, 7.10415674e-03],
       [0.00000000e+00, 1.99929588e-02, 3.08683102e-02, 2.54310461e-02,
        9.43499894e-02, 5.80001128e-02, 2.63126788e-02, 6.42436823e-02,
        4.25271826e-02, 1.46205188e-02, 2.84199721e-02, 7.15363599e-02,
        6.54064290e-02, 2.54507540e-02, 3.45084645e-02, 3.48542250e-02,
        2.09843925e-02, 4.35668285e-02, 1.74311435e-02, 8.55246094e-02,
        2.56678335e-02, 1.53518076e-02, 2.04446167e-02, 1.52866804e-02,
        1.28714822e-02, 1.27406365e-02, 5.70767203e-02, 6.53884926e-03,
        5.49378472e-03, 6.86484392e-03, 2.75190109e-03, 2.75192871e-03,
        1.38095237e-03, 2.75197014e-03, 9.98984509e-06, 2.62180473e-03,
        5.23364592e-03, 1.00687670e-05, 1.00687670e-05, 1.00687670e-05,
        1.00687670e-05, 1.00687670e-05, 1.00687670e-05, 1.00687670e-05,
        1.00687670e-05, 1.00687670e-05, 1.00687670e-05, 1.00687670e-05,
        1.00687670e-05, 1.00687670e-05]]))])