OrderedDict([('tech_stage', array([[0, 0, 0, ..., 2, 2, 2],
       [0, 0, 0, ..., 2, 2, 2],
       [0, 1, 1, ..., 2, 2, 2],
       ...,
       [0, 0, 0, ..., 0, 1, 1],
       [0, 0, 0, ..., 2, 2, 2],
       [0, 0, 0, ..., 2, 2, 2]])), ('res_plants', array([[0, 0, 0, ..., 0, 0, 0],
       [0, 0, 0, ..., 0, 0, 0],
       [0, 0, 0, ..., 0, 0, 0],
       ...,
       [0, 0, 0, ..., 0, 0, 0],
       [0, 0, 0, ..., 0, 0, 0],
       [0, 0, 0, ..., 0, 0, 0]])), ('res_penetration', array([[0., 0., 0., ..., 0., 0., 0.],
       [0., 0., 0., ..., 0., 0., 0.],
       [0., 0., 0., ..., 0., 0., 0.],
       ...,
       [0., 0., 0., ..., 0., 0., 0.],
       [0., 0., 0., ..., 0., 0., 0.],
       [0., 0., 0., ..., 0., 0., 0.]])), ('tax_level', array([[ 0.  ,  0.  ,  0.  , ..., -4.73, -4.73, -4.73],
       [ 0.  ,  0.  ,  0.  , ..., -4.73, -4.73, -4.73],
       [ 0.  ,  0.  ,  0.  , ..., -4.73, -4.73, -4.73],
       ...,
       [ 0.  ,  0.  ,  0.  , ..., -4.73, -4.73, -4.73],
       [ 0.  ,  0.  ,  0.  , ..., -4.73, -4.73, -4.73],
       [ 0.  ,  0.  ,  0.  , ..., -4.73, -4.73, -4.73]])), ('tax_adjustment', array([[ 0,  0,  0, ..., -1, -1, -1],
       [ 0,  0,  0, ..., -1, -1, -1],
       [ 0,  0,  0, ..., -1, -1, -1],
       ...,
       [ 0,  0,  0, ..., -1, -1, -1],
       [ 0,  0,  0, ..., -1, -1, -1],
       [ 0,  0,  0, ..., -1, -1, -1]])), ('co2_price', array([[23.63      , 24.3389    , 25.069067  , ..., 75.82481604,
        78.09956052, 80.44254733],
       [23.63      , 24.3389    , 25.069067  , ..., 75.82481604,
        78.09956052, 80.44254733],
       [23.63      , 24.3389    , 25.069067  , ..., 75.82481604,
        78.09956052, 80.44254733],
       ...,
       [23.63      , 24.3389    , 25.069067  , ..., 75.82481604,
        78.09956052, 80.44254733],
       [23.63      , 24.3389    , 25.069067  , ..., 75.82481604,
        78.09956052, 80.44254733],
       [23.63      , 24.3389    , 25.069067  , ..., 75.82481604,
        78.09956052, 80.44254733]])), ('co2_tax', array([[1.22957287e+08, 1.26646006e+08, 1.30445386e+08, ...,
        3.94549881e+08, 4.06386377e+08, 4.18577968e+08],
       [1.22957287e+08, 1.26646006e+08, 1.30445386e+08, ...,
        3.94549881e+08, 4.06386377e+08, 4.18577968e+08],
       [1.22957287e+08, 1.26646006e+08, 1.30445386e+08, ...,
        3.94549881e+08, 4.06386377e+08, 4.18577968e+08],
       ...,
       [1.22957287e+08, 1.26646006e+08, 1.30445386e+08, ...,
        3.94549881e+08, 4.06386377e+08, 4.18577968e+08],
       [1.22957287e+08, 1.26646006e+08, 1.30445386e+08, ...,
        3.94549881e+08, 4.06386377e+08, 4.18577968e+08],
       [1.22957287e+08, 1.26646006e+08, 1.30445386e+08, ...,
        3.94549881e+08, 4.06386377e+08, 4.18577968e+08]])), ('co2_emissions', array([[5203440., 5203440., 5203440., ..., 5203440., 5203440., 5203440.],
       [5203440., 5203440., 5203440., ..., 5203440., 5203440., 5203440.],
       [5203440., 5203440., 5203440., ..., 5203440., 5203440., 5203440.],
       ...,
       [5203440., 5203440., 5203440., ..., 5203440., 5203440., 5203440.],
       [5203440., 5203440., 5203440., ..., 5203440., 5203440., 5203440.],
       [5203440., 5203440., 5203440., ..., 5203440., 5203440., 5203440.]])), ('cost_total', array([[5.87883037e+08, 5.91571756e+08, 5.95371136e+08, ...,
        8.59475631e+08, 8.71312127e+08, 8.83503718e+08],
       [5.87883037e+08, 5.91571756e+08, 5.95371136e+08, ...,
        8.59475631e+08, 8.71312127e+08, 8.83503718e+08],
       [5.87883037e+08, 5.91571756e+08, 5.95371136e+08, ...,
        8.59475631e+08, 8.71312127e+08, 8.83503718e+08],
       ...,
       [5.87883037e+08, 5.91571756e+08, 5.95371136e+08, ...,
        8.59475631e+08, 8.71312127e+08, 8.83503718e+08],
       [5.87883037e+08, 5.91571756e+08, 5.95371136e+08, ...,
        8.59475631e+08, 8.71312127e+08, 8.83503718e+08],
       [5.87883037e+08, 5.91571756e+08, 5.95371136e+08, ...,
        8.59475631e+08, 8.71312127e+08, 8.83503718e+08]])), ('cost_breakdown', array([[1.22957287e+08, 1.26646006e+08, 1.30445386e+08, 1.34358748e+08,
        1.38389510e+08, 1.42541195e+08, 1.46817431e+08, 1.51221954e+08,
        1.55758613e+08, 1.28317940e+08, 1.32167478e+08, 1.36132502e+08,
        1.40216477e+08, 1.44422972e+08, 1.48755661e+08, 1.53218331e+08,
        1.57814880e+08, 1.62549327e+08, 1.67425807e+08, 1.72448581e+08,
        1.77622038e+08, 1.82950699e+08, 1.88439220e+08, 1.94092397e+08,
        1.99915169e+08, 2.05912624e+08, 2.12090003e+08, 2.18452703e+08,
        2.25006284e+08, 2.31756472e+08, 2.38709167e+08, 2.45870442e+08,
        2.53246555e+08, 2.60843951e+08, 2.68669270e+08, 2.76729348e+08,
        2.85031229e+08, 2.93582165e+08, 3.02389630e+08, 3.11461319e+08,
        3.20805159e+08, 3.30429314e+08, 3.40342193e+08, 3.50552459e+08,
        3.61069033e+08, 3.71901104e+08, 3.83058137e+08, 3.94549881e+08,
        4.06386377e+08, 4.18577968e+08],
       [4.64925750e+08, 4.64925750e+08, 4.64925750e+08, 4.64925750e+08,
        4.64925750e+08, 4.64925750e+08, 4.64925750e+08, 4.64925750e+08,
        4.64925750e+08, 4.64925750e+08, 4.64925750e+08, 4.64925750e+08,
        4.64925750e+08, 4.64925750e+08, 4.64925750e+08, 4.64925750e+08,
        4.64925750e+08, 4.64925750e+08, 4.64925750e+08, 4.64925750e+08,
        4.64925750e+08, 4.64925750e+08, 4.64925750e+08, 4.64925750e+08,
        4.64925750e+08, 4.64925750e+08, 4.64925750e+08, 4.64925750e+08,
        4.64925750e+08, 4.64925750e+08, 4.64925750e+08, 4.64925750e+08,
        4.64925750e+08, 4.64925750e+08, 4.64925750e+08, 4.64925750e+08,
        4.64925750e+08, 4.64925750e+08, 4.64925750e+08, 4.64925750e+08,
        4.64925750e+08, 4.64925750e+08, 4.64925750e+08, 4.64925750e+08,
        4.64925750e+08, 4.64925750e+08, 4.64925750e+08, 4.64925750e+08,
        4.64925750e+08, 4.64925750e+08],
       [0.00000000e+00, 0.00000000e+00, 0.00000000e+00, 0.00000000e+00,
        0.00000000e+00, 0.00000000e+00, 0.00000000e+00, 0.00000000e+00,
        0.00000000e+00, 0.00000000e+00, 0.00000000e+00, 0.00000000e+00,
        0.00000000e+00, 0.00000000e+00, 0.00000000e+00, 0.00000000e+00,
        0.00000000e+00, 0.00000000e+00, 0.00000000e+00, 0.00000000e+00,
        0.00000000e+00, 0.00000000e+00, 0.00000000e+00, 0.00000000e+00,
        0.00000000e+00, 0.00000000e+00, 0.00000000e+00, 0.00000000e+00,
        0.00000000e+00, 0.00000000e+00, 0.00000000e+00, 0.00000000e+00,
        0.00000000e+00, 0.00000000e+00, 0.00000000e+00, 0.00000000e+00,
        0.00000000e+00, 0.00000000e+00, 0.00000000e+00, 0.00000000e+00,
        0.00000000e+00, 0.00000000e+00, 0.00000000e+00, 0.00000000e+00,
        0.00000000e+00, 0.00000000e+00, 0.00000000e+00, 0.00000000e+00,
        0.00000000e+00, 0.00000000e+00],
       [0.00000000e+00, 0.00000000e+00, 0.00000000e+00, 0.00000000e+00,
        0.00000000e+00, 0.00000000e+00, 0.00000000e+00, 0.00000000e+00,
        0.00000000e+00, 0.00000000e+00, 0.00000000e+00, 0.00000000e+00,
        0.00000000e+00, 0.00000000e+00, 0.00000000e+00, 0.00000000e+00,
        0.00000000e+00, 0.00000000e+00, 0.00000000e+00, 0.00000000e+00,
        0.00000000e+00, 0.00000000e+00, 0.00000000e+00, 0.00000000e+00,
        0.00000000e+00, 0.00000000e+00, 0.00000000e+00, 0.00000000e+00,
        0.00000000e+00, 0.00000000e+00, 0.00000000e+00, 0.00000000e+00,
        0.00000000e+00, 0.00000000e+00, 0.00000000e+00, 0.00000000e+00,
        0.00000000e+00, 0.00000000e+00, 0.00000000e+00, 0.00000000e+00,
        0.00000000e+00, 0.00000000e+00, 0.00000000e+00, 0.00000000e+00,
        0.00000000e+00, 0.00000000e+00, 0.00000000e+00, 0.00000000e+00,
        0.00000000e+00, 0.00000000e+00],
       [0.00000000e+00, 0.00000000e+00, 0.00000000e+00, 0.00000000e+00,
        0.00000000e+00, 0.00000000e+00, 0.00000000e+00, 0.00000000e+00,
        0.00000000e+00, 0.00000000e+00, 0.00000000e+00, 0.00000000e+00,
        0.00000000e+00, 0.00000000e+00, 0.00000000e+00, 0.00000000e+00,
        0.00000000e+00, 0.00000000e+00, 0.00000000e+00, 0.00000000e+00,
        0.00000000e+00, 0.00000000e+00, 0.00000000e+00, 0.00000000e+00,
        0.00000000e+00, 0.00000000e+00, 0.00000000e+00, 0.00000000e+00,
        0.00000000e+00, 0.00000000e+00, 0.00000000e+00, 0.00000000e+00,
        0.00000000e+00, 0.00000000e+00, 0.00000000e+00, 0.00000000e+00,
        0.00000000e+00, 0.00000000e+00, 0.00000000e+00, 0.00000000e+00,
        0.00000000e+00, 0.00000000e+00, 0.00000000e+00, 0.00000000e+00,
        0.00000000e+00, 0.00000000e+00, 0.00000000e+00, 0.00000000e+00,
        0.00000000e+00, 0.00000000e+00]])), ('cost_percent', array([[0.01083988, 0.01116508, 0.01150003, 0.01184503, 0.01220038,
        0.01256639, 0.01294338, 0.01333169, 0.01373164, 0.01131247,
        0.01165185, 0.0120014 , 0.01236145, 0.01273229, 0.01311426,
        0.01350769, 0.01391292, 0.0143303 , 0.01476021, 0.01520302,
        0.01565911, 0.01612888, 0.01661275, 0.01711113, 0.01762447,
        0.0181532 , 0.0186978 , 0.01925873, 0.01983649, 0.02043159,
        0.02104453, 0.02167587, 0.02232615, 0.02299593, 0.02368581,
        0.02439638, 0.02512827, 0.02588212, 0.02665859, 0.02745834,
        0.02828209, 0.02913056, 0.03000447, 0.03090461, 0.03183175,
        0.0327867 , 0.0337703 , 0.03478341, 0.03582691, 0.03690172],
       [0.02      , 0.02      , 0.02      , 0.02      , 0.02      ,
        0.02      , 0.02      , 0.02      , 0.02      , 0.02      ,
        0.02      , 0.02      , 0.02      , 0.02      , 0.02      ,
        0.02      , 0.02      , 0.02      , 0.02      , 0.02      ,
        0.02      , 0.02      , 0.02      , 0.02      , 0.02      ,
        0.02      , 0.02      , 0.02      , 0.02      , 0.02      ,
        0.02      , 0.02      , 0.02      , 0.02      , 0.02      ,
        0.02      , 0.02      , 0.02      , 0.02      , 0.02      ,
        0.02      , 0.02      , 0.02      , 0.02      , 0.02      ,
        0.02      , 0.02      , 0.02      , 0.02      , 0.02      ],
       [       nan,        nan,        nan,        nan,        nan,
               nan,        nan,        nan,        nan,        nan,
               nan,        nan,        nan,        nan,        nan,
               nan,        nan,        nan,        nan,        nan,
               nan,        nan,        nan,        nan,        nan,
               nan,        nan,        nan,        nan,        nan,
               nan,        nan,        nan,        nan,        nan,
               nan,        nan,        nan,        nan,        nan,
               nan,        nan,        nan,        nan,        nan,
               nan,        nan,        nan,        nan,        nan],
       [       nan,        nan,        nan,        nan,        nan,
               nan,        nan,        nan,        nan,        nan,
               nan,        nan,        nan,        nan,        nan,
               nan,        nan,        nan,        nan,        nan,
               nan,        nan,        nan,        nan,        nan,
               nan,        nan,        nan,        nan,        nan,
               nan,        nan,        nan,        nan,        nan,
               nan,        nan,        nan,        nan,        nan,
               nan,        nan,        nan,        nan,        nan,
               nan,        nan,        nan,        nan,        nan],
       [       nan,        nan,        nan,        nan,        nan,
               nan,        nan,        nan,        nan,        nan,
               nan,        nan,        nan,        nan,        nan,
               nan,        nan,        nan,        nan,        nan,
               nan,        nan,        nan,        nan,        nan,
               nan,        nan,        nan,        nan,        nan,
               nan,        nan,        nan,        nan,        nan,
               nan,        nan,        nan,        nan,        nan,
               nan,        nan,        nan,        nan,        nan,
               nan,        nan,        nan,        nan,        nan]]))])