OrderedDict([('tech_stage', array([[0, 0, 1, ..., 2, 2, 2],
       [0, 0, 0, ..., 2, 2, 2],
       [0, 0, 0, ..., 2, 2, 2],
       ...,
       [0, 1, 1, ..., 2, 2, 2],
       [0, 0, 0, ..., 2, 2, 2],
       [0, 1, 1, ..., 2, 2, 2]])), ('res_plants', array([[0, 0, 0, ..., 2, 2, 2],
       [0, 0, 0, ..., 4, 4, 4],
       [0, 0, 0, ..., 4, 4, 4],
       ...,
       [0, 0, 0, ..., 4, 4, 4],
       [0, 0, 0, ..., 2, 2, 2],
       [0, 0, 0, ..., 4, 4, 4]])), ('res_penetration', array([[0.        , 0.        , 0.        , ..., 0.26666667, 0.26666667,
        0.26666667],
       [0.        , 0.        , 0.        , ..., 0.26666667, 0.26666667,
        0.26666667],
       [0.        , 0.        , 0.        , ..., 0.26666667, 0.26666667,
        0.26666667],
       ...,
       [0.        , 0.        , 0.        , ..., 0.26666667, 0.26666667,
        0.26666667],
       [0.        , 0.        , 0.        , ..., 0.26666667, 0.26666667,
        0.26666667],
       [0.        , 0.        , 0.        , ..., 0.26666667, 0.26666667,
        0.26666667]])), ('tax_level', array([[  0.  ,   0.  ,   0.  , ..., -19.82, -19.82, -19.82],
       [  0.  ,   0.  ,   0.  , ..., -19.82, -19.82, -19.82],
       [  0.  ,   0.  ,   0.  , ..., -19.82, -19.82, -19.82],
       ...,
       [  0.  ,   0.  ,   0.  , ..., -19.82, -19.82, -19.82],
       [  0.  ,   0.  ,   0.  , ..., -19.82, -19.82, -19.82],
       [  0.  ,   0.  ,   0.  , ..., -19.82, -19.82, -19.82]])), ('tax_adjustment', array([[ 0,  0,  0, ..., -1, -1, -1],
       [ 0,  0,  0, ..., -1, -1, -1],
       [ 0,  0,  0, ..., -1, -1, -1],
       ...,
       [ 0,  0,  0, ..., -1, -1, -1],
       [ 0,  0,  0, ..., -1, -1, -1],
       [ 0,  0,  0, ..., -1, -1, -1]])), ('co2_price', array([[ 99.11      , 102.0833    , 105.145799  , ..., 318.1031568 ,
        327.64625151, 337.47563905],
       [ 99.11      , 102.0833    , 105.145799  , ..., 318.1031568 ,
        327.64625151, 337.47563905],
       [ 99.11      , 102.0833    , 105.145799  , ..., 318.1031568 ,
        327.64625151, 337.47563905],
       ...,
       [ 99.11      , 102.0833    , 105.145799  , ..., 318.1031568 ,
        327.64625151, 337.47563905],
       [ 99.11      , 102.0833    , 105.145799  , ..., 318.1031568 ,
        327.64625151, 337.47563905],
       [ 99.11      , 102.0833    , 105.145799  , ..., 318.1031568 ,
        327.64625151, 337.47563905]])), ('co2_tax', array([[5.15712938e+08, 5.31184327e+08, 5.47119856e+08, ...,
        1.32418455e+09, 1.36391009e+09, 1.40482739e+09],
       [5.15712938e+08, 5.31184327e+08, 5.47119856e+08, ...,
        1.21383584e+09, 1.25025091e+09, 1.28775844e+09],
       [5.15712938e+08, 5.31184327e+08, 5.47119856e+08, ...,
        1.21383584e+09, 1.25025091e+09, 1.28775844e+09],
       ...,
       [5.15712938e+08, 5.31184327e+08, 5.47119856e+08, ...,
        1.21383584e+09, 1.25025091e+09, 1.28775844e+09],
       [5.15712938e+08, 5.31184327e+08, 5.47119856e+08, ...,
        1.21383584e+09, 1.25025091e+09, 1.28775844e+09],
       [5.15712938e+08, 5.31184327e+08, 5.47119856e+08, ...,
        1.21383584e+09, 1.25025091e+09, 1.28775844e+09]])), ('co2_emissions', array([[5203440., 5203440., 5203440., ..., 3815856., 3815856., 3815856.],
       [5203440., 5203440., 5203440., ..., 3815856., 3815856., 3815856.],
       [5203440., 5203440., 5203440., ..., 3815856., 3815856., 3815856.],
       ...,
       [5203440., 5203440., 5203440., ..., 4509648., 4509648., 4509648.],
       [5203440., 5203440., 5203440., ..., 3815856., 3815856., 3815856.],
       [5203440., 5203440., 5203440., ..., 3815856., 3815856., 3815856.]])), ('cost_total', array([[9.80638688e+08, 9.96110077e+08, 1.01204561e+09, ...,
        1.59240273e+09, 1.62881781e+09, 1.66632534e+09],
       [9.80638688e+08, 9.96110077e+08, 1.01204561e+09, ...,
        1.59240273e+09, 1.62881781e+09, 1.66632534e+09],
       [9.80638688e+08, 9.96110077e+08, 1.01204561e+09, ...,
        1.59240273e+09, 1.62881781e+09, 1.66632534e+09],
       ...,
       [9.80638688e+08, 9.96110077e+08, 1.01204561e+09, ...,
        1.59240273e+09, 1.62881781e+09, 1.66632534e+09],
       [9.80638688e+08, 9.96110077e+08, 1.01204561e+09, ...,
        1.59240273e+09, 1.62881781e+09, 1.66632534e+09],
       [9.80638688e+08, 9.96110077e+08, 1.01204561e+09, ...,
        1.85448012e+09, 1.89751612e+09, 1.94184320e+09]])), ('cost_breakdown', array([[5.15712938e+08, 5.31184327e+08, 5.43290017e+08, 5.55268295e+08,
        5.52191402e+08, 5.61582912e+08, 5.75146196e+08, 4.71395308e+08,
        4.81878653e+08, 4.92746184e+08, 4.91633647e+08, 5.00861943e+08,
        5.02946488e+08, 5.14399550e+08, 5.26503188e+08, 5.36513197e+08,
        5.47532716e+08, 5.58730543e+08, 5.71043982e+08, 5.72017965e+08,
        5.85701059e+08, 6.01225366e+08, 6.15572906e+08, 6.30783038e+08,
        6.47470017e+08, 6.65166413e+08, 6.80969154e+08, 6.99565307e+08,
        7.18664356e+08, 7.36983375e+08, 7.57757621e+08, 7.78427379e+08,
        7.99655341e+08, 8.22185932e+08, 8.46475799e+08, 8.70709127e+08,
        8.96431810e+08, 9.23324764e+08, 9.51024507e+08, 9.78684139e+08,
        1.00804466e+09, 1.03828600e+09, 1.06943458e+09, 1.10151762e+09,
        1.13456315e+09, 1.16860004e+09, 1.20365805e+09, 1.23976779e+09,
        1.27696082e+09, 1.31526965e+09],
       [4.64925750e+08, 4.64925750e+08, 4.61671270e+08, 4.58106839e+08,
        4.42299364e+08, 4.36720254e+08, 4.34240650e+08, 4.31916022e+08,
        4.28661542e+08, 4.25562036e+08, 4.12234165e+08, 4.07739883e+08,
        3.97511516e+08, 3.94721962e+08, 3.92242358e+08, 3.88058026e+08,
        3.84493595e+08, 3.80929164e+08, 3.77984635e+08, 3.67601293e+08,
        3.65431640e+08, 3.64191838e+08, 3.62022184e+08, 3.60162481e+08,
        3.58922679e+08, 3.57992828e+08, 3.55823174e+08, 3.54893322e+08,
        3.53963471e+08, 3.52413718e+08, 3.51793818e+08, 3.50863966e+08,
        3.49934114e+08, 3.49314214e+08, 3.49159238e+08, 3.48694312e+08,
        3.48539337e+08, 3.48539337e+08, 3.48539337e+08, 3.48229387e+08,
        3.48229387e+08, 3.48229387e+08, 3.48229387e+08, 3.48229387e+08,
        3.48229387e+08, 3.48229387e+08, 3.48229387e+08, 3.48229387e+08,
        3.48229387e+08, 3.48229387e+08],
       [0.00000000e+00, 0.00000000e+00, 4.99800000e+06, 5.84326400e+06,
        3.21720960e+07, 1.28544640e+07, 7.27353600e+06, 7.28740800e+06,
        8.96443200e+06, 9.07604800e+06, 2.50915200e+07, 1.30230080e+07,
        2.69856960e+07, 1.29596480e+07, 1.25643840e+07, 1.56945920e+07,
        1.50945600e+07, 1.51207680e+07, 1.44307520e+07, 3.28053120e+07,
        1.50722560e+07, 1.36153600e+07, 1.51152640e+07, 1.53373440e+07,
        1.40855040e+07, 1.42315520e+07, 1.62115840e+07, 1.40527360e+07,
        1.41287680e+07, 1.53925760e+07, 1.41404160e+07, 1.46769280e+07,
        1.47726080e+07, 1.41270400e+07, 1.34735520e+07, 1.42029120e+07,
        1.35340640e+07, 1.32841760e+07, 1.32743520e+07, 1.39861280e+07,
        1.33095200e+07, 1.33095200e+07, 1.32996960e+07, 1.32849600e+07,
        1.32653120e+07, 1.32604000e+07, 1.32604000e+07, 1.32604000e+07,
        1.32505760e+07, 1.32505760e+07],
       [0.00000000e+00, 0.00000000e+00, 5.23703688e+07, 6.75274592e+07,
        2.83956512e+08, 1.07532261e+08, 4.78391186e+07, 4.50649091e+07,
        5.93396167e+07, 5.77986504e+07, 2.65836403e+08, 9.02177257e+07,
        1.95979795e+08, 6.41960715e+07, 5.90805505e+07, 9.13645671e+07,
        8.06219970e+07, 8.15837766e+07, 7.07491878e+07, 2.30334354e+08,
        6.16226798e+07, 4.34727114e+07, 6.25025301e+07, 5.64207029e+07,
        4.45896377e+07, 3.83043610e+07, 6.34832599e+07, 3.92143093e+07,
        3.94177588e+07, 5.19750643e+07, 3.35376169e+07, 3.99081237e+07,
        4.00935961e+07, 3.32170230e+07, 2.46837369e+07, 3.08160443e+07,
        2.47961812e+07, 2.19413183e+07, 2.19413183e+07, 2.75734722e+07,
        2.19873276e+07, 2.19873276e+07, 2.19873276e+07, 2.19873276e+07,
        2.19873276e+07, 2.19873276e+07, 2.19873276e+07, 2.19873276e+07,
        2.19873276e+07, 2.19873276e+07],
       [0.00000000e+00, 0.00000000e+00, 5.50405787e+07, 7.03740855e+07,
        2.54711007e+08, 1.00131031e+08, 4.50744753e+07, 4.16704596e+07,
        5.62215243e+07, 5.39928554e+07, 2.72052858e+08, 8.45321175e+07,
        1.67014666e+08, 5.00756955e+07, 4.56177297e+07, 7.75928021e+07,
        6.61923008e+07, 6.86773098e+07, 5.72767187e+07, 1.78611555e+08,
        4.42771824e+07, 2.63046802e+07, 4.60199408e+07, 3.59646433e+07,
        2.63057704e+07, 1.62502744e+07, 4.25370988e+07, 1.97349617e+07,
        1.97351603e+07, 3.11366415e+07, 1.14219592e+07, 1.79937393e+07,
        1.79939203e+07, 1.21544428e+07, 3.05459797e+06, 7.88424598e+06,
        3.05470772e+06, 2.14159145e+04, 2.14159145e+04, 4.47988605e+06,
        2.14608221e+04, 2.14608221e+04, 2.14608221e+04, 2.14608221e+04,
        2.14608221e+04, 2.14608221e+04, 2.14608221e+04, 2.14608221e+04,
        2.14608221e+04, 2.14608221e+04]])), ('cost_percent', array([[1.38509918e-02, 1.42665216e-02, 1.46798227e-02, 1.50748113e-02,
        1.49086756e-02, 1.52060696e-02, 1.55960965e-02, 1.27515667e-02,
        1.30639278e-02, 1.33353599e-02, 1.33432638e-02, 1.35799478e-02,
        1.35976386e-02, 1.37940197e-02, 1.40290550e-02, 1.43290790e-02,
        1.46581875e-02, 1.49697258e-02, 1.52867641e-02, 1.52725526e-02,
        1.55839624e-02, 1.59827678e-02, 1.64056308e-02, 1.68249016e-02,
        1.72695805e-02, 1.76948627e-02, 1.81460508e-02, 1.86740228e-02,
        1.92004399e-02, 1.97416354e-02, 2.02800911e-02, 2.07961486e-02,
        2.13629637e-02, 2.19450712e-02, 2.25832417e-02, 2.32607389e-02,
        2.39264450e-02, 2.46442384e-02, 2.53722082e-02, 2.61333745e-02,
        2.69173757e-02, 2.77248970e-02, 2.85566439e-02, 2.94133432e-02,
        3.02957435e-02, 3.12046158e-02, 3.21407543e-02, 3.31049769e-02,
        3.40981262e-02, 3.51210700e-02],
       [2.46309463e-02, 2.46309463e-02, 2.46063154e-02, 2.45324225e-02,
        2.35553950e-02, 2.33255062e-02, 2.32269824e-02, 2.30463554e-02,
        2.29232007e-02, 2.27179428e-02, 2.20693279e-02, 2.18065978e-02,
        2.11990345e-02, 2.08788322e-02, 2.06161021e-02, 2.04436854e-02,
        2.03041101e-02, 2.01316935e-02, 1.99592768e-02, 1.93599238e-02,
        1.91792969e-02, 1.90971937e-02, 1.90315112e-02, 1.89494080e-02,
        1.88837255e-02, 1.87852017e-02, 1.87030986e-02, 1.86866779e-02,
        1.86538367e-02, 1.86209954e-02, 1.85717335e-02, 1.84896304e-02,
        1.84403685e-02, 1.83911066e-02, 1.83746860e-02, 1.83746860e-02,
        1.83500550e-02, 1.83500550e-02, 1.83418447e-02, 1.83418447e-02,
        1.83418447e-02, 1.83418447e-02, 1.83418447e-02, 1.83418447e-02,
        1.83418447e-02, 1.83418447e-02, 1.83418447e-02, 1.83418447e-02,
        1.83418447e-02, 1.83418447e-02],
       [0.00000000e+00, 0.00000000e+00, 1.01776322e-03, 3.12848441e-03,
        5.31001684e-02, 1.60524467e-02, 8.59550933e-03, 1.22118131e-02,
        1.03464498e-02, 1.40799588e-02, 3.29773074e-02, 1.89564644e-02,
        4.07989290e-02, 2.57315631e-02, 2.31020050e-02, 2.03193206e-02,
        1.92996188e-02, 2.12297768e-02, 2.17351347e-02, 4.79197364e-02,
        2.47875806e-02, 2.16180435e-02, 2.08540996e-02, 2.13550330e-02,
        2.12632575e-02, 2.24286962e-02, 2.20089558e-02, 1.91954819e-02,
        1.98961136e-02, 1.99683662e-02, 2.07051242e-02, 2.21425137e-02,
        2.09941347e-02, 2.18166926e-02, 1.99098890e-02, 1.92815100e-02,
        2.02572627e-02, 1.93006907e-02, 1.97869820e-02, 1.93047504e-02,
        1.92907469e-02, 1.92907469e-02, 1.92907469e-02, 1.92557381e-02,
        1.92417346e-02, 1.92417346e-02, 1.92277311e-02, 1.92277311e-02,
        1.92277311e-02, 1.92277311e-02],
       [0.00000000e+00, 0.00000000e+00, 2.47558922e-03, 8.32009224e-03,
        1.09351873e-01, 2.75846877e-02, 1.20138971e-02, 2.09979753e-02,
        1.48165212e-02, 2.30874207e-02, 8.16999133e-02, 3.32161220e-02,
        7.19913894e-02, 4.11754044e-02, 3.50343182e-02, 2.47435576e-02,
        2.11347323e-02, 2.51261347e-02, 2.53368892e-02, 8.14788283e-02,
        2.87677245e-02, 1.65381792e-02, 1.46137388e-02, 1.68108884e-02,
        1.47978548e-02, 1.90640452e-02, 1.71236969e-02, 9.00403103e-03,
        1.10955121e-02, 1.11403924e-02, 1.32543136e-02, 1.74597159e-02,
        1.34338351e-02, 1.32416633e-02, 9.25777088e-03, 7.36844775e-03,
        1.02335060e-02, 7.39952129e-03, 8.33134876e-03, 7.40713343e-03,
        7.40713343e-03, 7.40713343e-03, 7.40713343e-03, 7.40713343e-03,
        7.40713343e-03, 7.40713343e-03, 7.40713343e-03, 7.40713343e-03,
        7.40713343e-03, 7.40713343e-03],
       [0.00000000e+00, 0.00000000e+00, 3.62351939e-03, 1.21388541e-02,
        1.35988515e-01, 3.33456975e-02, 1.55791209e-02, 2.85603249e-02,
        1.92030848e-02, 3.11011464e-02, 1.16555266e-01, 4.43266329e-02,
        8.74740983e-02, 5.15191302e-02, 4.43284793e-02, 2.84490263e-02,
        2.31952005e-02, 2.84495463e-02, 2.84498328e-02, 9.21987570e-02,
        3.17157109e-02, 1.27425056e-02, 1.05169762e-02, 1.43483336e-02,
        1.05172265e-02, 1.73770385e-02, 1.43487588e-02, 3.03788165e-03,
        6.06636678e-03, 6.06642779e-03, 9.09494342e-03, 1.51519442e-02,
        9.09518745e-03, 7.25695387e-03, 2.80571147e-03, 1.00162363e-05,
        4.20360133e-03, 1.00584759e-05, 1.03736845e-03, 1.00688234e-05,
        1.00688234e-05, 1.00688234e-05, 1.00688234e-05, 1.00688234e-05,
        1.00688234e-05, 1.00688234e-05, 1.00688234e-05, 1.00688234e-05,
        1.00688234e-05, 1.00688234e-05]]))])