OrderedDict([('tech_stage', array([[0, 0, 0, ..., 2, 2, 2],
       [0, 1, 2, ..., 2, 2, 2],
       [0, 0, 0, ..., 2, 2, 2],
       ...,
       [0, 0, 0, ..., 2, 2, 2],
       [0, 0, 0, ..., 2, 2, 2],
       [0, 0, 0, ..., 2, 2, 2]])), ('res_plants', array([[0, 0, 0, ..., 5, 5, 5],
       [0, 0, 0, ..., 5, 5, 5],
       [0, 1, 1, ..., 5, 5, 5],
       ...,
       [0, 0, 0, ..., 5, 5, 5],
       [0, 0, 1, ..., 5, 5, 5],
       [0, 0, 0, ..., 5, 5, 5]])), ('res_penetration', array([[0.        , 0.06666667, 0.06666667, ..., 0.33333333, 0.33333333,
        0.33333333],
       [0.        , 0.        , 0.        , ..., 0.26666667, 0.26666667,
        0.26666667],
       [0.        , 0.        , 0.        , ..., 0.33333333, 0.33333333,
        0.33333333],
       ...,
       [0.        , 0.06666667, 0.06666667, ..., 0.33333333, 0.33333333,
        0.33333333],
       [0.        , 0.        , 0.        , ..., 0.33333333, 0.33333333,
        0.33333333],
       [0.        , 0.        , 0.        , ..., 0.33333333, 0.33333333,
        0.33333333]])), ('tax_level', array([[  0.  ,   0.  ,   0.  , ..., -24.64, -24.64, -24.64],
       [  0.  ,   0.  ,   0.  , ..., -24.64, -24.64, -24.64],
       [  0.  ,   0.  ,   0.  , ..., -24.64, -24.64, -24.64],
       ...,
       [  0.  ,   0.  ,   0.  , ..., -24.64, -24.64, -24.64],
       [  0.  ,   0.  ,   0.  , ..., -24.64, -24.64, -24.64],
       [  0.  ,   0.  ,   0.  , ..., -24.64, -24.64, -24.64]])), ('tax_adjustment', array([[ 0,  0,  0, ..., -1, -1, -1],
       [ 0,  0,  0, ..., -1, -1, -1],
       [ 0,  0,  0, ..., -1, -1, -1],
       ...,
       [ 0,  0,  0, ..., -1, -1, -1],
       [ 0,  0,  0, ..., -1, -1, -1],
       [ 0,  0,  0, ..., -1, -1, -1]])), ('co2_price', array([[123.18      , 126.8754    , 130.681662  , ..., 395.3321361 ,
        407.19210018, 419.40786319],
       [123.18      , 126.8754    , 130.681662  , ..., 395.3321361 ,
        407.19210018, 419.40786319],
       [123.18      , 126.8754    , 130.681662  , ..., 395.3321361 ,
        407.19210018, 419.40786319],
       ...,
       [123.18      , 126.8754    , 130.681662  , ..., 395.3321361 ,
        407.19210018, 419.40786319],
       [123.18      , 126.8754    , 130.681662  , ..., 395.3321361 ,
        407.19210018, 419.40786319],
       [123.18      , 126.8754    , 130.681662  , ..., 395.3321361 ,
        407.19210018, 419.40786319]])), ('co2_tax', array([[6.40959739e+08, 6.16175963e+08, 6.34661241e+08, ...,
        1.37139137e+09, 1.41253311e+09, 1.45490910e+09],
       [6.40959739e+08, 6.60188531e+08, 6.79994187e+08, ...,
        1.37139137e+09, 1.41253311e+09, 1.45490910e+09],
       [6.40959739e+08, 6.60188531e+08, 6.79994187e+08, ...,
        1.37139137e+09, 1.41253311e+09, 1.45490910e+09],
       ...,
       [6.40959739e+08, 6.60188531e+08, 6.79994187e+08, ...,
        1.37139137e+09, 1.41253311e+09, 1.45490910e+09],
       [6.40959739e+08, 6.16175963e+08, 6.34661241e+08, ...,
        1.37139137e+09, 1.41253311e+09, 1.45490910e+09],
       [6.40959739e+08, 6.60188531e+08, 6.79994187e+08, ...,
        1.37139137e+09, 1.41253311e+09, 1.45490910e+09]])), ('co2_emissions', array([[5203440., 5203440., 5203440., ..., 3468960., 3468960., 3468960.],
       [5203440., 4856544., 4856544., ..., 3468960., 3468960., 3468960.],
       [5203440., 5203440., 5203440., ..., 3468960., 3468960., 3468960.],
       ...,
       [5203440., 5203440., 5203440., ..., 3468960., 3468960., 3468960.],
       [5203440., 5203440., 5203440., ..., 3468960., 3468960., 3468960.],
       [5203440., 5203440., 5203440., ..., 3468960., 3468960., 3468960.]])), ('cost_total', array([[1.10588549e+09, 1.12511428e+09, 2.14981434e+09, ...,
        1.73100699e+09, 1.77214873e+09, 1.81452472e+09],
       [1.10588549e+09, 1.12511428e+09, 1.14491994e+09, ...,
        1.73100699e+09, 1.77214873e+09, 1.81452472e+09],
       [1.10588549e+09, 1.12511428e+09, 1.14491994e+09, ...,
        1.73100699e+09, 1.77214873e+09, 1.81452472e+09],
       ...,
       [1.10588549e+09, 1.12511428e+09, 1.14491994e+09, ...,
        1.73100699e+09, 1.77214873e+09, 1.81452472e+09],
       [1.10588549e+09, 1.12511428e+09, 1.14491994e+09, ...,
        1.73100699e+09, 1.77214873e+09, 1.81452472e+09],
       [1.10588549e+09, 1.12511428e+09, 2.14981434e+09, ...,
        1.73100699e+09, 1.77214873e+09, 1.81452472e+09]])), ('cost_breakdown', array([[6.40959739e+08, 6.56227400e+08, 6.71154263e+08, 6.82884163e+08,
        6.78842889e+08, 6.89300869e+08, 6.99265143e+08, 7.08681369e+08,
        7.15326735e+08, 7.20896703e+08, 7.26157074e+08, 7.42322611e+08,
        7.30779643e+08, 7.41407780e+08, 7.55570771e+08, 6.16174299e+08,
        6.26431444e+08, 6.37596954e+08, 6.52360275e+08, 6.62640333e+08,
        6.78197845e+08, 6.90594943e+08, 7.04435458e+08, 7.21858037e+08,
        7.38649669e+08, 7.58662002e+08, 7.67415244e+08, 7.87780130e+08,
        8.07503107e+08, 8.28103235e+08, 8.50457189e+08, 8.72552482e+08,
        8.98288934e+08, 9.22517648e+08, 9.50193178e+08, 9.78698973e+08,
        1.00805994e+09, 1.03779152e+09, 1.06682315e+09, 1.09882784e+09,
        1.13123515e+09, 1.16517220e+09, 1.19953588e+09, 1.23552196e+09,
        1.27258761e+09, 1.31076524e+09, 1.35008820e+09, 1.39059085e+09,
        1.43230857e+09, 1.47527783e+09],
       [4.64925750e+08, 4.62136196e+08, 4.58881715e+08, 4.53302606e+08,
        4.37495131e+08, 4.31296121e+08, 4.24787160e+08, 4.17968249e+08,
        4.09599586e+08, 4.00765996e+08, 3.91932407e+08, 3.88987878e+08,
        3.71785625e+08, 3.66206516e+08, 3.62332134e+08, 3.58612728e+08,
        3.53963471e+08, 3.49779139e+08, 3.47454510e+08, 3.42650278e+08,
        3.40480624e+08, 3.36606243e+08, 3.33351763e+08, 3.31647035e+08,
        3.29477382e+08, 3.28547530e+08, 3.22658470e+08, 3.21573644e+08,
        3.20023891e+08, 3.18629114e+08, 3.17699262e+08, 3.16459460e+08,
        3.16304485e+08, 3.15374634e+08, 3.15374634e+08, 3.15374634e+08,
        3.15374634e+08, 3.15219658e+08, 3.14599758e+08, 3.14599758e+08,
        3.14444782e+08, 3.14444782e+08, 3.14289807e+08, 3.14289807e+08,
        3.14289807e+08, 3.14289807e+08, 3.14289807e+08, 3.14289807e+08,
        3.14289807e+08, 3.14289807e+08],
       [0.00000000e+00, 6.49440000e+06, 7.60841600e+06, 1.27265600e+07,
        3.54384480e+07, 1.66798560e+07, 1.82030560e+07, 1.82583520e+07,
        2.19032480e+07, 2.28201600e+07, 2.30267040e+07, 1.40124160e+07,
        4.59977440e+07, 2.22747520e+07, 1.99361120e+07, 1.92339040e+07,
        2.09611200e+07, 2.06862240e+07, 1.77843200e+07, 2.37717600e+07,
        1.85909600e+07, 2.17351200e+07, 2.11785120e+07, 1.84162400e+07,
        1.96478560e+07, 1.72384960e+07, 2.85850560e+07, 1.87708640e+07,
        2.00795040e+07, 1.94672000e+07, 1.88918080e+07, 1.96992640e+07,
        1.74469600e+07, 1.89640000e+07, 1.72288960e+07, 1.71896000e+07,
        1.71896000e+07, 1.73932160e+07, 1.85767040e+07, 1.72234880e+07,
        1.75646400e+07, 1.71968640e+07, 1.74103040e+07, 1.71555040e+07,
        1.71555040e+07, 1.71555040e+07, 1.71555040e+07, 1.71555040e+07,
        1.71260320e+07, 1.71260320e+07],
       [0.00000000e+00, 5.06893848e+07, 5.98305484e+07, 1.03138135e+08,
        3.31406346e+08, 1.30865948e+08, 1.38106344e+08, 1.49510784e+08,
        1.83454584e+08, 1.97393917e+08, 2.01334901e+08, 7.70854752e+07,
        4.18753843e+08, 1.43423505e+08, 1.05513904e+08, 1.02936632e+08,
        1.25650529e+08, 1.15018445e+08, 7.45834868e+07, 1.34856751e+08,
        7.36082148e+07, 1.13195346e+08, 9.94838429e+07, 6.57484379e+07,
        7.60788528e+07, 4.93979848e+07, 1.87546776e+08, 5.53213489e+07,
        6.60422252e+07, 6.37416991e+07, 5.22906973e+07, 5.79565786e+07,
        3.44111535e+07, 5.22410065e+07, 3.07354605e+07, 3.07354605e+07,
        3.07354605e+07, 3.41021460e+07, 4.29739845e+07, 3.08716533e+07,
        3.36877302e+07, 3.08946579e+07, 3.33688867e+07, 3.09214927e+07,
        3.09214927e+07, 3.09214927e+07, 3.09214927e+07, 3.09214927e+07,
        3.09214927e+07, 3.09214927e+07],
       [0.00000000e+00, 4.01262312e+07, 4.92986830e+07, 8.77063905e+07,
        2.81385084e+08, 1.10415703e+08, 1.15246432e+08, 1.33895946e+08,
        1.64954749e+08, 1.82564888e+08, 1.89476094e+08, 6.31684332e+07,
        3.43683189e+08, 1.16187474e+08, 7.76625534e+07, 8.06644690e+07,
        1.03662644e+08, 9.13654352e+07, 5.10439699e+07, 9.83406143e+07,
        4.64130088e+07, 8.49395664e+07, 6.96088464e+07, 3.85520924e+07,
        4.64154203e+07, 2.30242203e+07, 1.34088437e+08, 2.38120563e+07,
        3.10861338e+07, 3.20674981e+07, 1.96854866e+07, 2.40102815e+07,
        4.15719872e+06, 2.02750696e+07, 2.99994734e+04, 2.99994734e+04,
        2.99994734e+04, 3.56834236e+06, 9.68927003e+06, 3.01324049e+04,
        2.25936747e+06, 3.01548587e+04, 2.63053725e+06, 3.01810509e+04,
        3.01810509e+04, 3.01810509e+04, 3.01810509e+04, 3.01810509e+04,
        3.01810509e+04, 3.01810509e+04]])), ('cost_percent', array([[1.47180908e-02, 1.50282500e-02, 1.52500860e-02, 1.55467600e-02,
        1.53450274e-02, 1.55608186e-02, 1.56527275e-02, 1.57844166e-02,
        1.60652899e-02, 1.62271858e-02, 1.63381836e-02, 1.65159388e-02,
        1.63119343e-02, 1.66571990e-02, 1.70084987e-02, 1.38799150e-02,
        1.41073744e-02, 1.43878845e-02, 1.47259803e-02, 1.49406562e-02,
        1.53250805e-02, 1.56826184e-02, 1.60177358e-02, 1.64208113e-02,
        1.68575893e-02, 1.72811433e-02, 1.74864133e-02, 1.79586988e-02,
        1.83897076e-02, 1.89044039e-02, 1.94334313e-02, 1.99673743e-02,
        2.05562892e-02, 2.11625684e-02, 2.17867236e-02, 2.24403253e-02,
        2.31135351e-02, 2.38069411e-02, 2.44970144e-02, 2.52194953e-02,
        2.59632777e-02, 2.67421761e-02, 2.75444413e-02, 2.83707746e-02,
        2.92218978e-02, 3.00985548e-02, 3.10015114e-02, 3.19315567e-02,
        3.28895034e-02, 3.38761886e-02],
       [2.67191550e-02, 2.64875890e-02, 2.60957080e-02, 2.58285165e-02,
        2.47508439e-02, 2.43678693e-02, 2.37978607e-02, 2.32991031e-02,
        2.30230052e-02, 2.25776859e-02, 2.20700220e-02, 2.16603283e-02,
        2.07696898e-02, 2.05915621e-02, 2.04134344e-02, 2.02174939e-02,
        1.99503024e-02, 1.97543619e-02, 1.96296725e-02, 1.93357618e-02,
        1.92556043e-02, 1.91309150e-02, 1.89706000e-02, 1.88815362e-02,
        1.88191915e-02, 1.87301276e-02, 1.84005914e-02, 1.83471531e-02,
        1.82402765e-02, 1.82046509e-02, 1.81690254e-02, 1.81244934e-02,
        1.81155871e-02, 1.81066807e-02, 1.80977743e-02, 1.80977743e-02,
        1.80977743e-02, 1.80977743e-02, 1.80799615e-02, 1.80710551e-02,
        1.80621488e-02, 1.80621488e-02, 1.80621488e-02, 1.80621488e-02,
        1.80621488e-02, 1.80621488e-02, 1.80621488e-02, 1.80621488e-02,
        1.80621488e-02, 1.80621488e-02],
       [0.00000000e+00, 9.75945287e-03, 1.51825992e-02, 1.04667011e-02,
        4.30323957e-02, 1.81241180e-02, 2.48668129e-02, 2.46291104e-02,
        1.75317094e-02, 2.32939314e-02, 2.56556923e-02, 2.29220468e-02,
        4.59291038e-02, 1.97326216e-02, 1.92859639e-02, 2.03259125e-02,
        2.28778687e-02, 2.08632566e-02, 1.87125149e-02, 2.52317895e-02,
        1.83905013e-02, 2.01304571e-02, 2.13156738e-02, 1.96641074e-02,
        1.87209544e-02, 1.99597707e-02, 3.00066805e-02, 1.96758427e-02,
        2.17209499e-02, 1.88966844e-02, 1.88880952e-02, 1.95512653e-02,
        1.82639263e-02, 1.82617790e-02, 1.82034187e-02, 1.79536646e-02,
        1.79332235e-02, 1.79332235e-02, 1.86430685e-02, 1.81560946e-02,
        1.83021452e-02, 1.79297446e-02, 1.79297446e-02, 1.79041932e-02,
        1.78837521e-02, 1.78837521e-02, 1.78837521e-02, 1.78837521e-02,
        1.78633110e-02, 1.78428699e-02],
       [0.00000000e+00, 1.65469510e-02, 2.84527985e-02, 1.98636439e-02,
        8.94427547e-02, 3.26529351e-02, 4.85911467e-02, 4.26032656e-02,
        2.50507450e-02, 3.95264612e-02, 4.54117644e-02, 3.80216614e-02,
        8.69798627e-02, 2.01702708e-02, 2.07707390e-02, 2.19582034e-02,
        2.81085019e-02, 2.26293575e-02, 1.67517931e-02, 3.23761917e-02,
        1.30486531e-02, 1.70137925e-02, 2.04187564e-02, 1.39691458e-02,
        1.17967974e-02, 1.40956706e-02, 4.26417838e-02, 1.17212122e-02,
        1.67970539e-02, 1.03788645e-02, 1.04173681e-02, 1.09255874e-02,
        7.83086521e-03, 7.84049111e-03, 7.72344136e-03, 6.97083701e-03,
        6.97083701e-03, 6.97083701e-03, 8.34963773e-03, 7.63436137e-03,
        7.62559591e-03, 6.99437367e-03, 6.99437367e-03, 6.99437367e-03,
        6.99437367e-03, 6.99437367e-03, 6.99437367e-03, 6.99437367e-03,
        6.99437367e-03, 6.99437367e-03],
       [0.00000000e+00, 1.93186875e-02, 3.68336396e-02, 2.72596966e-02,
        1.14043232e-01, 4.26721949e-02, 6.53325090e-02, 5.42882037e-02,
        3.07123078e-02, 5.17627414e-02, 6.08518652e-02, 5.08473172e-02,
        1.03191079e-01, 2.07101418e-02, 2.31340088e-02, 2.43316881e-02,
        3.30739349e-02, 2.52775902e-02, 1.69481567e-02, 3.68117340e-02,
        1.02944827e-02, 1.54704672e-02, 2.05807910e-02, 1.03606621e-02,
        7.73996953e-03, 1.03608442e-02, 4.42347611e-02, 6.56123189e-03,
        1.31128975e-02, 5.51270539e-03, 5.51276081e-03, 5.38217548e-03,
        1.38571397e-03, 1.38572782e-03, 1.18938812e-03, 1.00347630e-05,
        1.00347630e-05, 1.00347630e-05, 1.61979478e-03, 1.02108779e-03,
        7.53087604e-04, 1.00686449e-05, 1.00686449e-05, 1.00686449e-05,
        1.00686449e-05, 1.00686449e-05, 1.00686449e-05, 1.00686449e-05,
        1.00686449e-05, 1.00686449e-05]]))])