OrderedDict([('tech_stage', array([[0, 0, 0, ..., 2, 2, 2],
       [0, 0, 1, ..., 2, 2, 2],
       [0, 0, 0, ..., 2, 2, 2],
       ...,
       [0, 0, 0, ..., 2, 2, 2],
       [0, 0, 0, ..., 2, 2, 2],
       [0, 0, 0, ..., 2, 2, 2]])), ('res_plants', array([[0, 0, 0, ..., 1, 1, 1],
       [0, 0, 0, ..., 1, 1, 1],
       [0, 0, 0, ..., 3, 3, 3],
       ...,
       [0, 0, 0, ..., 3, 3, 3],
       [0, 0, 0, ..., 0, 0, 0],
       [0, 0, 0, ..., 3, 3, 3]])), ('res_penetration', array([[0.        , 0.        , 0.        , ..., 0.2       , 0.2       ,
        0.2       ],
       [0.        , 0.        , 0.        , ..., 0.2       , 0.2       ,
        0.2       ],
       [0.        , 0.        , 0.        , ..., 0.13333333, 0.13333333,
        0.13333333],
       ...,
       [0.        , 0.        , 0.        , ..., 0.2       , 0.2       ,
        0.2       ],
       [0.        , 0.        , 0.        , ..., 0.13333333, 0.13333333,
        0.13333333],
       [0.        , 0.        , 0.        , ..., 0.2       , 0.2       ,
        0.2       ]])), ('tax_level', array([[  0. ,   0. ,   0. , ..., -13.7, -13.7, -13.7],
       [  0. ,   0. ,   0. , ..., -13.7, -13.7, -13.7],
       [  0. ,   0. ,   0. , ..., -13.7, -13.7, -13.7],
       ...,
       [  0. ,   0. ,   0. , ..., -13.7, -13.7, -13.7],
       [  0. ,   0. ,   0. , ..., -13.7, -13.7, -13.7],
       [  0. ,   0. ,   0. , ..., -13.7, -13.7, -13.7]])), ('tax_adjustment', array([[ 0,  0,  0, ..., -1, -1, -1],
       [ 0,  0,  0, ..., -1, -1, -1],
       [ 0,  0,  0, ..., -1, -1, -1],
       ...,
       [ 0,  0,  0, ..., -1, -1, -1],
       [ 0,  0,  0, ..., -1, -1, -1],
       [ 0,  0,  0, ..., -1, -1, -1]])), ('co2_price', array([[ 68.52      ,  70.5756    ,  72.692868  , ..., 219.93208546,
        226.53004802, 233.32594946],
       [ 68.52      ,  70.5756    ,  72.692868  , ..., 219.93208546,
        226.53004802, 233.32594946],
       [ 68.52      ,  70.5756    ,  72.692868  , ..., 219.93208546,
        226.53004802, 233.32594946],
       ...,
       [ 68.52      ,  70.5756    ,  72.692868  , ..., 219.93208546,
        226.53004802, 233.32594946],
       [ 68.52      ,  70.5756    ,  72.692868  , ..., 219.93208546,
        226.53004802, 233.32594946],
       [ 68.52      ,  70.5756    ,  72.692868  , ..., 219.93208546,
        226.53004802, 233.32594946]])), ('co2_tax', array([[3.56539709e+08, 3.67235900e+08, 3.78252977e+08, ...,
        9.15522729e+08, 9.42988410e+08, 9.71278063e+08],
       [3.56539709e+08, 3.67235900e+08, 3.78252977e+08, ...,
        9.15522729e+08, 9.42988410e+08, 9.71278063e+08],
       [3.56539709e+08, 3.67235900e+08, 3.78252977e+08, ...,
        9.15522729e+08, 9.42988410e+08, 9.71278063e+08],
       ...,
       [3.56539709e+08, 3.67235900e+08, 3.78252977e+08, ...,
        9.15522729e+08, 9.42988410e+08, 9.71278063e+08],
       [3.56539709e+08, 3.67235900e+08, 3.78252977e+08, ...,
        9.15522729e+08, 9.42988410e+08, 9.71278063e+08],
       [3.56539709e+08, 3.67235900e+08, 3.78252977e+08, ...,
        1.06810985e+09, 1.10015315e+09, 1.13315774e+09]])), ('co2_emissions', array([[5203440., 5203440., 5203440., ..., 4162752., 4162752., 4162752.],
       [5203440., 5203440., 5203440., ..., 4162752., 4162752., 4162752.],
       [5203440., 5203440., 5203440., ..., 4162752., 4162752., 4162752.],
       ...,
       [5203440., 5203440., 5203440., ..., 4856544., 4856544., 4856544.],
       [5203440., 5203440., 4509648., ..., 4162752., 4162752., 4162752.],
       [5203440., 5203440., 5203440., ..., 4162752., 4162752., 4162752.]])), ('cost_total', array([[8.21465459e+08, 8.32161650e+08, 8.43178727e+08, ...,
        1.31425794e+09, 1.34172362e+09, 1.37001327e+09],
       [8.21465459e+08, 8.32161650e+08, 8.43178727e+08, ...,
        1.41176315e+09, 1.44151763e+09, 1.47216476e+09],
       [8.21465459e+08, 8.32161650e+08, 8.43178727e+08, ...,
        1.31425794e+09, 1.34172362e+09, 1.37001327e+09],
       ...,
       [8.21465459e+08, 8.32161650e+08, 8.43178727e+08, ...,
        1.51016277e+09, 1.54220607e+09, 1.57521066e+09],
       [8.21465459e+08, 8.32161650e+08, 8.43178727e+08, ...,
        1.31425794e+09, 1.34172362e+09, 1.37001327e+09],
       [8.21465459e+08, 8.32161650e+08, 8.43178727e+08, ...,
        1.31425794e+09, 1.34172362e+09, 1.37001327e+09]])), ('cost_breakdown', array([[3.56539709e+08, 3.67235900e+08, 3.77496471e+08, 3.88561632e+08,
        3.99148378e+08, 4.09469520e+08, 4.18631607e+08, 4.24905405e+08,
        4.34039336e+08, 3.55193245e+08, 3.62782198e+08, 3.71033288e+08,
        3.80266344e+08, 3.83296274e+08, 3.90911931e+08, 4.00861632e+08,
        4.08767761e+08, 4.14430087e+08, 4.24920496e+08, 4.35167151e+08,
        4.46676571e+08, 4.58484907e+08, 4.69506587e+08, 4.77399108e+08,
        4.82056751e+08, 4.94925772e+08, 5.08133084e+08, 5.22532238e+08,
        5.37338022e+08, 5.53010019e+08, 5.69138731e+08, 5.85737456e+08,
        6.02575031e+08, 6.20400087e+08, 6.39012090e+08, 6.58182452e+08,
        6.77927926e+08, 6.98265764e+08, 7.19213736e+08, 7.40790149e+08,
        7.63013853e+08, 7.85904269e+08, 8.09481397e+08, 8.33765839e+08,
        8.58778814e+08, 8.84542178e+08, 9.11078444e+08, 9.38410797e+08,
        9.66563121e+08, 9.95560014e+08],
       [4.64925750e+08, 4.64925750e+08, 4.63995898e+08, 4.63685948e+08,
        4.62446146e+08, 4.60586443e+08, 4.57176988e+08, 4.50513052e+08,
        4.46793646e+08, 4.43694141e+08, 4.39974735e+08, 4.36875230e+08,
        4.34705576e+08, 4.25407061e+08, 4.21222730e+08, 4.19363026e+08,
        4.15178695e+08, 4.08669734e+08, 4.06810031e+08, 4.04485402e+08,
        4.03090625e+08, 4.01695848e+08, 3.99371219e+08, 3.94257036e+08,
        3.86508274e+08, 3.85268472e+08, 3.84028670e+08, 3.83408768e+08,
        3.82788868e+08, 3.82478917e+08, 3.82168966e+08, 3.81859016e+08,
        3.81394090e+08, 3.81239115e+08, 3.81239115e+08, 3.81239115e+08,
        3.81239115e+08, 3.81239115e+08, 3.81239115e+08, 3.81239115e+08,
        3.81239115e+08, 3.81239115e+08, 3.81239115e+08, 3.81239115e+08,
        3.81239115e+08, 3.81239115e+08, 3.81239115e+08, 3.81239115e+08,
        3.81239115e+08, 3.81239115e+08],
       [0.00000000e+00, 0.00000000e+00, 1.42800000e+06, 5.81504000e+05,
        2.04467200e+06, 3.13734400e+06, 5.72835200e+06, 1.11132000e+07,
        7.34731200e+06, 6.81732800e+06, 8.12100800e+06, 7.59102400e+06,
        6.51470400e+06, 1.77088800e+07, 1.09099200e+07, 7.81468800e+06,
        1.15956960e+07, 1.56404640e+07, 9.23899200e+06, 1.01640000e+07,
        8.99976000e+06, 9.15801600e+06, 1.07442720e+07, 1.52920320e+07,
        2.49531040e+07, 1.10913120e+07, 1.12025120e+07, 1.02536480e+07,
        1.03043360e+07, 9.88884800e+06, 9.91419200e+06, 9.93953600e+06,
        1.01979680e+07, 9.76980800e+06, 9.53956800e+06, 9.52974400e+06,
        9.52483200e+06, 9.52483200e+06, 9.51500800e+06, 9.51500800e+06,
        9.51009600e+06, 9.50027200e+06, 9.50027200e+06, 9.50027200e+06,
        9.50027200e+06, 9.50027200e+06, 9.50027200e+06, 9.50027200e+06,
        9.50027200e+06, 9.50027200e+06],
       [0.00000000e+00, 0.00000000e+00, 1.37859477e+07, 4.74483407e+06,
        1.85806212e+07, 2.79706106e+07, 5.12462265e+07, 1.18289006e+08,
        6.23672474e+07, 4.91176913e+07, 5.88067170e+07, 5.02141578e+07,
        3.69266039e+07, 1.70039085e+08, 7.42303885e+07, 3.75532589e+07,
        7.52852325e+07, 1.13422915e+08, 3.97440888e+07, 4.75501374e+07,
        3.29928842e+07, 3.32363097e+07, 4.84426978e+07, 9.37372946e+07,
        1.50237159e+08, 3.36558562e+07, 3.38667039e+07, 2.38387884e+07,
        2.39461273e+07, 1.91050086e+07, 1.91586780e+07, 1.92123475e+07,
        2.17402457e+07, 1.68722923e+07, 1.44248982e+07, 1.44248982e+07,
        1.44248982e+07, 1.44248982e+07, 1.44248982e+07, 1.44248982e+07,
        1.44248982e+07, 1.44248982e+07, 1.44248982e+07, 1.44248982e+07,
        1.44248982e+07, 1.44248982e+07, 1.44248982e+07, 1.44248982e+07,
        1.44248982e+07, 1.44248982e+07],
       [0.00000000e+00, 0.00000000e+00, 1.44888524e+07, 4.82976340e+06,
        1.93186644e+07, 2.89780939e+07, 5.31264731e+07, 1.23011914e+08,
        6.29059737e+07, 4.82992633e+07, 5.79589847e+07, 4.83003335e+07,
        3.38119676e+07, 1.73345137e+08, 7.07731903e+07, 3.14592040e+07,
        7.07742198e+07, 1.10089632e+08, 3.14613423e+07, 3.93245989e+07,
        2.35991153e+07, 2.35993529e+07, 3.93254701e+07, 8.65035050e+07,
        1.14999495e+08, 2.04451082e+07, 2.04453140e+07, 1.04151376e+07,
        1.04152424e+07, 5.21458234e+06, 5.21463472e+06, 5.21468711e+06,
        7.81512188e+06, 2.61443568e+06, 1.40794816e+04, 1.40794816e+04,
        1.40794816e+04, 1.40794816e+04, 1.40794816e+04, 1.40794816e+04,
        1.40794816e+04, 1.40794816e+04, 1.40794816e+04, 1.40794816e+04,
        1.40794816e+04, 1.40794816e+04, 1.40794816e+04, 1.40794816e+04,
        1.40794816e+04, 1.40794816e+04]])), ('cost_percent', array([[1.26225367e-02, 1.30012128e-02, 1.33287567e-02, 1.36826428e-02,
        1.40552373e-02, 1.44086072e-02, 1.48107215e-02, 1.50118318e-02,
        1.52543187e-02, 1.24387098e-02, 1.27666314e-02, 1.30564367e-02,
        1.33425413e-02, 1.34511534e-02, 1.37783116e-02, 1.40657926e-02,
        1.44067386e-02, 1.47387904e-02, 1.50949917e-02, 1.53884673e-02,
        1.57771633e-02, 1.61941182e-02, 1.66025406e-02, 1.70408244e-02,
        1.72372756e-02, 1.77050565e-02, 1.81926504e-02, 1.87010427e-02,
        1.92389688e-02, 1.97685410e-02, 2.03289141e-02, 2.08967020e-02,
        2.15236031e-02, 2.21603827e-02, 2.28251942e-02, 2.35099500e-02,
        2.42152485e-02, 2.49316569e-02, 2.56796067e-02, 2.64499949e-02,
        2.72434947e-02, 2.80607995e-02, 2.89026235e-02, 2.97697022e-02,
        3.06627933e-02, 3.15826771e-02, 3.25301574e-02, 3.35060621e-02,
        3.45112440e-02, 3.55465813e-02],
       [2.28171585e-02, 2.28171585e-02, 2.27106784e-02, 2.26346212e-02,
        2.25737755e-02, 2.24672954e-02, 2.24216611e-02, 2.20641923e-02,
        2.17675692e-02, 2.15393976e-02, 2.14633404e-02, 2.13112260e-02,
        2.11439002e-02, 2.06951628e-02, 2.05810770e-02, 2.03985397e-02,
        2.02844539e-02, 2.01475510e-02, 2.00334652e-02, 1.98281107e-02,
        1.97368421e-02, 1.96683906e-02, 1.95771220e-02, 1.95086705e-02,
        1.91588074e-02, 1.91055674e-02, 1.90599331e-02, 1.90219045e-02,
        1.89990873e-02, 1.89534530e-02, 1.89230301e-02, 1.88850015e-02,
        1.88850015e-02, 1.88773958e-02, 1.88773958e-02, 1.88773958e-02,
        1.88773958e-02, 1.88697901e-02, 1.88697901e-02, 1.88697901e-02,
        1.88697901e-02, 1.88697901e-02, 1.88697901e-02, 1.88697901e-02,
        1.88697901e-02, 1.88697901e-02, 1.88697901e-02, 1.88697901e-02,
        1.88697901e-02, 1.88697901e-02],
       [0.00000000e+00, 0.00000000e+00, 7.44812954e-03, 5.87037787e-03,
        5.19942032e-03, 8.70592460e-03, 5.00013591e-03, 2.70483519e-02,
        2.46396643e-02, 2.13845188e-02, 1.19235166e-02, 1.76366700e-02,
        1.94868105e-02, 4.00358869e-02, 1.89465394e-02, 2.43242141e-02,
        2.04794771e-02, 2.26650963e-02, 2.17765783e-02, 2.87502808e-02,
        2.18314065e-02, 2.07070519e-02, 2.26568345e-02, 2.15324799e-02,
        5.33740295e-02, 2.33110539e-02, 2.30102675e-02, 2.23956761e-02,
        2.17807271e-02, 2.31652744e-02, 2.25786515e-02, 2.29494665e-02,
        2.04859507e-02, 2.10069800e-02, 2.04923169e-02, 2.04703570e-02,
        2.04703570e-02, 2.10023662e-02, 2.04986831e-02, 2.04877032e-02,
        2.04767232e-02, 2.04767232e-02, 2.04547633e-02, 2.04547633e-02,
        2.04437833e-02, 2.04328034e-02, 2.04328034e-02, 2.04328034e-02,
        2.04328034e-02, 2.04328034e-02],
       [0.00000000e+00, 0.00000000e+00, 1.79745397e-02, 1.30339032e-02,
        1.06053592e-02, 1.84201313e-02, 8.34391212e-03, 7.19191947e-02,
        5.58432132e-02, 4.06025479e-02, 1.53423763e-02, 2.83205806e-02,
        3.11668667e-02, 9.44332458e-02, 2.51193747e-02, 3.78876864e-02,
        2.57088052e-02, 3.01160451e-02, 2.62075541e-02, 4.31564017e-02,
        2.26617895e-02, 1.86626169e-02, 2.29791752e-02, 1.89800025e-02,
        7.84189013e-02, 1.70414526e-02, 1.57617155e-02, 1.42759641e-02,
        1.17768362e-02, 1.57763433e-02, 1.32922102e-02, 1.45415907e-02,
        7.70376110e-03, 9.08632184e-03, 7.71875593e-03, 7.71875593e-03,
        7.71875593e-03, 8.90398657e-03, 7.73161058e-03, 7.73161058e-03,
        7.73161058e-03, 7.73161058e-03, 7.73161058e-03, 7.73161058e-03,
        7.73161058e-03, 7.73161058e-03, 7.73161058e-03, 7.73161058e-03,
        7.73161058e-03, 7.73161058e-03],
       [0.00000000e+00, 0.00000000e+00, 2.52053665e-02, 1.80040871e-02,
        1.44035018e-02, 2.52059468e-02, 1.08031341e-02, 9.98365346e-02,
        7.62117006e-02, 5.40142159e-02, 1.80070935e-02, 3.60111080e-02,
        3.96122374e-02, 1.27900336e-01, 2.93169345e-02, 4.69040956e-02,
        2.93177021e-02, 3.51802860e-02, 2.93183517e-02, 5.27678014e-02,
        2.34568897e-02, 1.75948373e-02, 2.34573030e-02, 1.75952506e-02,
        7.73380175e-02, 1.33038050e-02, 1.13651994e-02, 9.70328661e-03,
        5.54919286e-03, 1.16421796e-02, 7.48810533e-03, 9.70363254e-03,
        1.00326254e-05, 1.94877214e-03, 1.00521532e-05, 1.00521532e-05,
        1.00521532e-05, 1.67207929e-03, 1.00688938e-05, 1.00688938e-05,
        1.00688938e-05, 1.00688938e-05, 1.00688938e-05, 1.00688938e-05,
        1.00688938e-05, 1.00688938e-05, 1.00688938e-05, 1.00688938e-05,
        1.00688938e-05, 1.00688938e-05]]))])