OrderedDict([('tech_stage', array([[0, 0, 0, ..., 2, 2, 2],
       [0, 0, 0, ..., 2, 2, 2],
       [0, 0, 0, ..., 2, 2, 2],
       ...,
       [0, 0, 0, ..., 2, 2, 2],
       [0, 0, 0, ..., 2, 2, 2],
       [0, 0, 0, ..., 2, 2, 2]])), ('res_plants', array([[0, 0, 0, ..., 3, 3, 3],
       [0, 0, 0, ..., 3, 3, 3],
       [0, 0, 0, ..., 3, 3, 3],
       ...,
       [0, 0, 0, ..., 3, 3, 3],
       [0, 0, 0, ..., 3, 3, 3],
       [0, 0, 0, ..., 3, 3, 3]])), ('res_penetration', array([[0.        , 0.        , 0.        , ..., 0.13333333, 0.13333333,
        0.13333333],
       [0.        , 0.        , 0.        , ..., 0.13333333, 0.13333333,
        0.13333333],
       [0.        , 0.        , 0.        , ..., 0.2       , 0.2       ,
        0.2       ],
       ...,
       [0.        , 0.        , 0.        , ..., 0.2       , 0.2       ,
        0.2       ],
       [0.        , 0.        , 0.        , ..., 0.2       , 0.2       ,
        0.2       ],
       [0.        , 0.        , 0.        , ..., 0.2       , 0.2       ,
        0.2       ]])), ('tax_level', array([[  0. ,   0. ,   0. , ..., -13.7, -13.7, -13.7],
       [  0. ,   0. ,   0. , ..., -13.7, -13.7, -13.7],
       [  0. ,   0. ,   0. , ..., -13.7, -13.7, -13.7],
       ...,
       [  0. ,   0. ,   0. , ..., -13.7, -13.7, -13.7],
       [  0. ,   0. ,   0. , ..., -13.7, -13.7, -13.7],
       [  0. ,   0. ,   0. , ..., -13.7, -13.7, -13.7]])), ('tax_adjustment', array([[ 0,  0,  0, ..., -1, -1, -1],
       [ 0,  0,  0, ..., -1, -1, -1],
       [ 0,  0,  0, ..., -1, -1, -1],
       ...,
       [ 0,  0,  0, ..., -1, -1, -1],
       [ 0,  0,  0, ..., -1, -1, -1],
       [ 0,  0,  0, ..., -1, -1, -1]])), ('co2_price', array([[ 68.52      ,  70.5756    ,  72.692868  , ..., 219.93208546,
        226.53004802, 233.32594946],
       [ 68.52      ,  70.5756    ,  72.692868  , ..., 219.93208546,
        226.53004802, 233.32594946],
       [ 68.52      ,  70.5756    ,  72.692868  , ..., 219.93208546,
        226.53004802, 233.32594946],
       ...,
       [ 68.52      ,  70.5756    ,  72.692868  , ..., 219.93208546,
        226.53004802, 233.32594946],
       [ 68.52      ,  70.5756    ,  72.692868  , ..., 219.93208546,
        226.53004802, 233.32594946],
       [ 68.52      ,  70.5756    ,  72.692868  , ..., 219.93208546,
        226.53004802, 233.32594946]])), ('co2_tax', array([[3.56539709e+08, 3.67235900e+08, 3.78252977e+08, ...,
        9.15522729e+08, 9.42988410e+08, 9.71278063e+08],
       [3.56539709e+08, 3.67235900e+08, 3.78252977e+08, ...,
        9.15522729e+08, 9.42988410e+08, 9.71278063e+08],
       [3.56539709e+08, 3.67235900e+08, 3.78252977e+08, ...,
        9.91816289e+08, 1.02157078e+09, 1.05221790e+09],
       ...,
       [3.56539709e+08, 3.67235900e+08, 3.78252977e+08, ...,
        9.15522729e+08, 9.42988410e+08, 9.71278063e+08],
       [3.56539709e+08, 3.67235900e+08, 3.78252977e+08, ...,
        9.15522729e+08, 9.42988410e+08, 9.71278063e+08],
       [3.56539709e+08, 3.67235900e+08, 3.78252977e+08, ...,
        1.06810985e+09, 1.10015315e+09, 1.13315774e+09]])), ('co2_emissions', array([[5203440., 5203440., 5203440., ..., 4162752., 4162752., 4162752.],
       [5203440., 5203440., 5203440., ..., 5203440., 5203440., 5203440.],
       [5203440., 5203440., 5203440., ..., 4162752., 4162752., 4162752.],
       ...,
       [5203440., 5203440., 5203440., ..., 4856544., 4856544., 4856544.],
       [5203440., 5203440., 5203440., ..., 5203440., 5203440., 5203440.],
       [5203440., 5203440., 5203440., ..., 4162752., 4162752., 4162752.]])), ('cost_total', array([[8.21465459e+08, 8.32161650e+08, 2.71094157e+09, ...,
        1.31425794e+09, 1.34172362e+09, 1.37001327e+09],
       [8.21465459e+08, 8.32161650e+08, 8.43178727e+08, ...,
        1.31425794e+09, 1.34172362e+09, 1.37001327e+09],
       [8.21465459e+08, 8.32161650e+08, 8.43178727e+08, ...,
        1.31425794e+09, 1.34172362e+09, 1.37001327e+09],
       ...,
       [8.21465459e+08, 8.32161650e+08, 8.43178727e+08, ...,
        1.31425794e+09, 1.34172362e+09, 1.37001327e+09],
       [8.21465459e+08, 8.32161650e+08, 8.43178727e+08, ...,
        1.31425794e+09, 1.34172362e+09, 1.37001327e+09],
       [8.21465459e+08, 8.32161650e+08, 8.43178727e+08, ...,
        1.31425794e+09, 1.34172362e+09, 1.37001327e+09]])), ('cost_breakdown', array([[3.56539709e+08, 3.67235900e+08, 3.77244302e+08, 3.87522697e+08,
        3.97543223e+08, 4.08091762e+08, 4.14232428e+08, 4.23589908e+08,
        4.33587682e+08, 4.42408482e+08, 4.52326619e+08, 4.61454609e+08,
        4.69198163e+08, 4.79085383e+08, 4.87525663e+08, 3.98195147e+08,
        4.08310015e+08, 4.15373045e+08, 4.24434873e+08, 4.33666574e+08,
        4.44615780e+08, 4.55300984e+08, 4.64587426e+08, 4.75710196e+08,
        4.81670178e+08, 4.95722113e+08, 5.10388719e+08, 5.25277961e+08,
        5.39948572e+08, 5.56147029e+08, 5.72600645e+08, 5.89065510e+08,
        6.06247776e+08, 6.24183014e+08, 6.42908505e+08, 6.62195760e+08,
        6.82061633e+08, 7.02523482e+08, 7.23599186e+08, 7.45307162e+08,
        7.67666377e+08, 7.90696368e+08, 8.14417259e+08, 8.38849777e+08,
        8.64015270e+08, 8.89935728e+08, 9.16633800e+08, 9.44132814e+08,
        9.72456798e+08, 1.00163050e+09],
       [4.64925750e+08, 4.64925750e+08, 4.63685948e+08, 4.62446146e+08,
        4.60586443e+08, 4.59036690e+08, 4.52372755e+08, 4.49118274e+08,
        4.46328720e+08, 4.42144388e+08, 4.38889908e+08, 4.34705576e+08,
        4.29126467e+08, 4.25407061e+08, 4.20292878e+08, 4.16573472e+08,
        4.14713769e+08, 4.09599586e+08, 4.06345106e+08, 4.03090625e+08,
        4.01230922e+08, 3.98906294e+08, 3.95186888e+08, 3.92862259e+08,
        3.86198323e+08, 3.85888372e+08, 3.85733397e+08, 3.85423447e+08,
        3.84648570e+08, 3.84648570e+08, 3.84493595e+08, 3.84028670e+08,
        3.83718719e+08, 3.83563744e+08, 3.83563744e+08, 3.83563744e+08,
        3.83563744e+08, 3.83563744e+08, 3.83563744e+08, 3.83563744e+08,
        3.83563744e+08, 3.83563744e+08, 3.83563744e+08, 3.83563744e+08,
        3.83563744e+08, 3.83563744e+08, 3.83563744e+08, 3.83563744e+08,
        3.83563744e+08, 3.83563744e+08],
       [0.00000000e+00, 0.00000000e+00, 1.90400000e+06, 2.04467200e+06,
        3.13734400e+06, 2.87235200e+06, 1.09021920e+07, 6.42230400e+06,
        6.07756800e+06, 8.53608000e+06, 7.58284800e+06, 9.38011200e+06,
        1.19968800e+07, 9.77390400e+06, 1.23379200e+07, 1.07761920e+07,
        8.34220800e+06, 1.35512160e+07, 1.12754880e+07, 1.16447520e+07,
        9.87201600e+06, 1.07970240e+07, 1.32027840e+07, 1.14828000e+07,
        2.25857600e+07, 9.56585600e+06, 9.35811200e+06, 9.60387200e+06,
        1.07116160e+07, 9.25587200e+06, 9.48896000e+06, 9.96780800e+06,
        9.77273600e+06, 9.56499200e+06, 9.34457600e+06, 9.33966400e+06,
        9.32001600e+06, 9.30036800e+06, 9.29054400e+06, 9.28072000e+06,
        9.27580800e+06, 9.27580800e+06, 9.27580800e+06, 9.26107200e+06,
        9.26107200e+06, 9.25616000e+06, 9.24633600e+06, 9.24633600e+06,
        9.24633600e+06, 9.24142400e+06],
       [0.00000000e+00, 0.00000000e+00, 1.83812637e+07, 1.85806212e+07,
        2.79706106e+07, 2.36743310e+07, 1.15635940e+08, 5.45611987e+07,
        4.76477104e+07, 7.05790053e+07, 5.63463194e+07, 7.18772749e+07,
        9.50519953e+07, 6.60997724e+07, 8.91933510e+07, 6.76414676e+07,
        3.83646773e+07, 9.10596135e+07, 6.20262489e+07, 6.25942418e+07,
        4.07177910e+07, 4.85238396e+07, 7.13739926e+07, 4.95786837e+07,
        1.30768046e+08, 1.85510282e+07, 1.61304689e+07, 1.86315324e+07,
        2.71334326e+07, 1.38594277e+07, 1.63336565e+07, 2.13089488e+07,
        1.89152242e+07, 1.64946648e+07, 1.40472708e+07, 1.40472708e+07,
        1.40472708e+07, 1.40472708e+07, 1.40472708e+07, 1.40472708e+07,
        1.40472708e+07, 1.40472708e+07, 1.40472708e+07, 1.40472708e+07,
        1.40472708e+07, 1.40472708e+07, 1.40472708e+07, 1.40472708e+07,
        1.40472708e+07, 1.40472708e+07],
       [0.00000000e+00, 0.00000000e+00, 1.93184698e+07, 1.93186644e+07,
        2.89780939e+07, 2.41487683e+07, 1.20537568e+08, 5.50427171e+07,
        4.71803317e+07, 7.07696263e+07, 5.50444595e+07, 7.07708935e+07,
        9.43604257e+07, 6.29096169e+07, 8.64990699e+07, 6.29111216e+07,
        3.14599959e+07, 8.65008915e+07, 5.50500034e+07, 5.50505578e+07,
        3.14622927e+07, 3.93255493e+07, 6.29147648e+07, 3.93265789e+07,
        9.93950876e+07, 5.21404163e+06, 2.61371162e+06, 5.21412020e+06,
        1.19018778e+07, 1.35275518e+04, 2.61390994e+06, 7.81470091e+06,
        5.21439710e+06, 2.61406709e+06, 1.37108968e+04, 1.37108968e+04,
        1.37108968e+04, 1.37108968e+04, 1.37108968e+04, 1.37108968e+04,
        1.37108968e+04, 1.37108968e+04, 1.37108968e+04, 1.37108968e+04,
        1.37108968e+04, 1.37108968e+04, 1.37108968e+04, 1.37108968e+04,
        1.37108968e+04, 1.37108968e+04]])), ('cost_percent', array([[1.24429317e-02, 1.28162196e-02, 1.31743048e-02, 1.35060825e-02,
        1.38459101e-02, 1.40881902e-02, 1.42334957e-02, 1.45686811e-02,
        1.48323559e-02, 1.51474449e-02, 1.55182570e-02, 1.57598936e-02,
        1.61617278e-02, 1.65369425e-02, 1.68636613e-02, 1.38036128e-02,
        1.41058965e-02, 1.44303480e-02, 1.47446236e-02, 1.51695060e-02,
        1.55526713e-02, 1.58710965e-02, 1.62709296e-02, 1.67197631e-02,
        1.69043158e-02, 1.73767058e-02, 1.78550689e-02, 1.83464948e-02,
        1.88665210e-02, 1.93855970e-02, 1.99510559e-02, 2.05412914e-02,
        2.11404401e-02, 2.17570505e-02, 2.24097620e-02, 2.30820549e-02,
        2.37745165e-02, 2.44877520e-02, 2.52223846e-02, 2.59790561e-02,
        2.67584278e-02, 2.75611806e-02, 2.83880160e-02, 2.92396565e-02,
        3.01168462e-02, 3.10203516e-02, 3.19509621e-02, 3.29094910e-02,
        3.38967757e-02, 3.49136790e-02],
       [2.29466567e-02, 2.29466567e-02, 2.29007634e-02, 2.27936790e-02,
        2.26865946e-02, 2.24112347e-02, 2.19828971e-02, 2.18452172e-02,
        2.15928039e-02, 2.14092307e-02, 2.12944974e-02, 2.09961909e-02,
        2.09044042e-02, 2.07667243e-02, 2.05602044e-02, 2.04225244e-02,
        2.02618978e-02, 2.01242179e-02, 1.99635913e-02, 1.99406446e-02,
        1.98488580e-02, 1.96652848e-02, 1.95734981e-02, 1.95276048e-02,
        1.91681072e-02, 1.91298628e-02, 1.90839695e-02, 1.90380762e-02,
        1.90074806e-02, 1.89615873e-02, 1.89462895e-02, 1.89386406e-02,
        1.89233429e-02, 1.89080451e-02, 1.89080451e-02, 1.89080451e-02,
        1.89080451e-02, 1.89080451e-02, 1.89080451e-02, 1.89080451e-02,
        1.89080451e-02, 1.89080451e-02, 1.89080451e-02, 1.89080451e-02,
        1.89080451e-02, 1.89080451e-02, 1.89080451e-02, 1.89080451e-02,
        1.89080451e-02, 1.89080451e-02],
       [0.00000000e+00, 0.00000000e+00, 3.09154196e-03, 7.44200830e-03,
        7.97496589e-03, 1.98435773e-02, 3.15191796e-02, 1.40712442e-02,
        2.24853302e-02, 1.91042745e-02, 1.53806031e-02, 2.83177969e-02,
        1.58905257e-02, 1.94388884e-02, 2.47614325e-02, 2.11519664e-02,
        2.33829685e-02, 2.26366339e-02, 2.48676361e-02, 1.63924466e-02,
        2.11439647e-02, 2.77838695e-02, 2.25144271e-02, 1.98797059e-02,
        5.05385882e-02, 2.19775899e-02, 2.31936311e-02, 2.31455520e-02,
        2.17904694e-02, 2.29094517e-02, 2.13320552e-02, 2.06270797e-02,
        2.11591367e-02, 2.12140051e-02, 2.02489937e-02, 2.02489937e-02,
        2.02383594e-02, 2.02383594e-02, 2.02064568e-02, 2.02064568e-02,
        2.01958226e-02, 2.01851884e-02, 2.01851884e-02, 2.01851884e-02,
        2.01745542e-02, 2.01745542e-02, 2.01639200e-02, 2.01426515e-02,
        2.01213831e-02, 2.01213831e-02],
       [0.00000000e+00, 0.00000000e+00, 7.52554779e-03, 1.76412313e-02,
        1.78316775e-02, 4.56157988e-02, 8.46834959e-02, 2.63645433e-02,
        4.70504657e-02, 3.52856069e-02, 2.33878656e-02, 5.62815884e-02,
        2.01011289e-02, 2.84463685e-02, 4.09642279e-02, 2.91107808e-02,
        3.34605772e-02, 2.96866047e-02, 3.40364011e-02, 9.84227125e-03,
        2.21386599e-02, 3.86519625e-02, 2.26701897e-02, 1.46793033e-02,
        7.67398909e-02, 1.41563690e-02, 1.59513869e-02, 1.58463968e-02,
        1.28555967e-02, 1.56154822e-02, 1.04874026e-02, 8.97735390e-03,
        1.03426480e-02, 1.03719454e-02, 7.69995191e-03, 7.69995191e-03,
        7.69995191e-03, 7.69995191e-03, 7.69995191e-03, 7.69995191e-03,
        7.69995191e-03, 7.69995191e-03, 7.69995191e-03, 7.69995191e-03,
        7.69995191e-03, 7.69995191e-03, 7.69995191e-03, 7.69995191e-03,
        7.69995191e-03, 7.69995191e-03],
       [0.00000000e+00, 0.00000000e+00, 1.05962383e-02, 2.47246628e-02,
        2.47249119e-02, 6.35780348e-02, 1.17897838e-01, 3.45052003e-02,
        6.32578541e-02, 4.60071074e-02, 2.87561870e-02, 7.47601667e-02,
        2.30067683e-02, 3.45079225e-02, 5.17596539e-02, 3.45087914e-02,
        4.02596002e-02, 3.45095443e-02, 4.02603531e-02, 5.75799100e-03,
        2.30094327e-02, 4.60115094e-02, 2.30101278e-02, 1.15094369e-02,
        8.00717726e-02, 9.24678611e-03, 1.06057680e-02, 1.08773087e-02,
        7.61677256e-03, 1.14203625e-02, 3.54201690e-03, 1.91172970e-03,
        3.81350552e-03, 3.81354383e-03, 1.00688103e-05, 1.00688103e-05,
        1.00688103e-05, 1.00688103e-05, 1.00688103e-05, 1.00688103e-05,
        1.00688103e-05, 1.00688103e-05, 1.00688103e-05, 1.00688103e-05,
        1.00688103e-05, 1.00688103e-05, 1.00688103e-05, 1.00688103e-05,
        1.00688103e-05, 1.00688103e-05]]))])