OrderedDict([('tech_stage', array([[0, 0, 0, ..., 2, 2, 2],
       [0, 0, 0, ..., 2, 2, 2],
       [0, 0, 0, ..., 2, 2, 2],
       ...,
       [0, 0, 0, ..., 2, 2, 2],
       [0, 0, 0, ..., 2, 2, 2],
       [0, 0, 0, ..., 2, 2, 2]])), ('res_plants', array([[0, 0, 0, ..., 0, 0, 0],
       [0, 0, 0, ..., 0, 0, 0],
       [0, 0, 0, ..., 0, 0, 0],
       ...,
       [0, 0, 0, ..., 0, 0, 0],
       [0, 0, 0, ..., 0, 0, 0],
       [0, 0, 0, ..., 0, 0, 0]])), ('res_penetration', array([[0., 0., 0., ..., 0., 0., 0.],
       [0., 0., 0., ..., 0., 0., 0.],
       [0., 0., 0., ..., 0., 0., 0.],
       ...,
       [0., 0., 0., ..., 0., 0., 0.],
       [0., 0., 0., ..., 0., 0., 0.],
       [0., 0., 0., ..., 0., 0., 0.]])), ('tax_level', array([[ 0. ,  0. ,  0. , ..., -1.7, -1.7, -1.7],
       [ 0. ,  0. ,  0. , ..., -1.7, -1.7, -1.7],
       [ 0. ,  0. ,  0. , ..., -1.7, -1.7, -1.7],
       ...,
       [ 0. ,  0. ,  0. , ..., -1.7, -1.7, -1.7],
       [ 0. ,  0. ,  0. , ..., -1.7, -1.7, -1.7],
       [ 0. ,  0. ,  0. , ..., -1.7, -1.7, -1.7]])), ('tax_adjustment', array([[ 0,  0,  0, ..., -1, -1, -1],
       [ 0,  0,  0, ..., -1, -1, -1],
       [ 0,  0,  0, ..., -1, -1, -1],
       ...,
       [ 0,  0,  0, ..., -1, -1, -1],
       [ 0,  0,  0, ..., -1, -1, -1],
       [ 0,  0,  0, ..., -1, -1, -1]])), ('co2_price', array([[ 8.52      ,  8.7756    ,  9.038868  , ..., 27.36112409,
        28.18195782, 29.02741655],
       [ 8.52      ,  8.7756    ,  9.038868  , ..., 27.36112409,
        28.18195782, 29.02741655],
       [ 8.52      ,  8.7756    ,  9.038868  , ..., 27.36112409,
        28.18195782, 29.02741655],
       ...,
       [ 8.52      ,  8.7756    ,  9.038868  , ..., 27.36112409,
        28.18195782, 29.02741655],
       [ 8.52      ,  8.7756    ,  9.038868  , ..., 27.36112409,
        28.18195782, 29.02741655],
       [ 8.52      ,  8.7756    ,  9.038868  , ..., 27.36112409,
        28.18195782, 29.02741655]])), ('co2_tax', array([[4.43333088e+07, 4.56633081e+07, 4.70332073e+07, ...,
        1.42371968e+08, 1.46643127e+08, 1.51042420e+08],
       [4.43333088e+07, 4.56633081e+07, 4.70332073e+07, ...,
        1.42371968e+08, 1.46643127e+08, 1.51042420e+08],
       [4.43333088e+07, 4.56633081e+07, 4.70332073e+07, ...,
        1.42371968e+08, 1.46643127e+08, 1.51042420e+08],
       ...,
       [4.43333088e+07, 4.56633081e+07, 4.70332073e+07, ...,
        1.42371968e+08, 1.46643127e+08, 1.51042420e+08],
       [4.43333088e+07, 4.56633081e+07, 4.70332073e+07, ...,
        1.42371968e+08, 1.46643127e+08, 1.51042420e+08],
       [4.43333088e+07, 4.56633081e+07, 4.70332073e+07, ...,
        1.42371968e+08, 1.46643127e+08, 1.51042420e+08]])), ('co2_emissions', array([[5203440., 5203440., 5203440., ..., 5203440., 5203440., 5203440.],
       [5203440., 5203440., 5203440., ..., 5203440., 5203440., 5203440.],
       [5203440., 5203440., 5203440., ..., 5203440., 5203440., 5203440.],
       ...,
       [5203440., 5203440., 5203440., ..., 5203440., 5203440., 5203440.],
       [5203440., 5203440., 5203440., ..., 5203440., 5203440., 5203440.],
       [5203440., 5203440., 5203440., ..., 5203440., 5203440., 5203440.]])), ('cost_total', array([[5.09259059e+08, 5.10589058e+08, 5.11958957e+08, ...,
        6.07297718e+08, 6.11568877e+08, 6.15968170e+08],
       [5.09259059e+08, 5.10589058e+08, 5.11958957e+08, ...,
        6.07297718e+08, 6.11568877e+08, 6.15968170e+08],
       [5.09259059e+08, 5.10589058e+08, 5.11958957e+08, ...,
        6.07297718e+08, 6.11568877e+08, 6.15968170e+08],
       ...,
       [5.09259059e+08, 5.10589058e+08, 5.11958957e+08, ...,
        6.07297718e+08, 6.11568877e+08, 6.15968170e+08],
       [5.09259059e+08, 5.10589058e+08, 5.11958957e+08, ...,
        6.07297718e+08, 6.11568877e+08, 6.15968170e+08],
       [5.09259059e+08, 5.10589058e+08, 5.11958957e+08, ...,
        6.07297718e+08, 6.11568877e+08, 6.15968170e+08]])), ('cost_breakdown', array([[4.43333088e+07, 4.56633081e+07, 4.70332073e+07, 4.84442035e+07,
        4.98975296e+07, 5.13944555e+07, 5.29362892e+07, 5.45243779e+07,
        5.61601092e+07, 4.63030872e+07, 4.76921798e+07, 4.91229452e+07,
        5.05966336e+07, 5.21145326e+07, 5.36779686e+07, 5.52883076e+07,
        5.69469569e+07, 5.86553656e+07, 6.04150265e+07, 6.22274773e+07,
        6.40943016e+07, 6.60171307e+07, 6.79976446e+07, 7.00375739e+07,
        7.21387012e+07, 7.43028622e+07, 7.65319481e+07, 7.88279065e+07,
        8.11927437e+07, 8.36285260e+07, 8.61373818e+07, 8.87215033e+07,
        9.13831483e+07, 9.41246428e+07, 9.69483821e+07, 9.98568335e+07,
        1.02852539e+08, 1.05938115e+08, 1.09116258e+08, 1.12389746e+08,
        1.15761438e+08, 1.19234281e+08, 1.22811310e+08, 1.26495649e+08,
        1.30290519e+08, 1.34199234e+08, 1.38225211e+08, 1.42371968e+08,
        1.46643127e+08, 1.51042420e+08],
       [4.64925750e+08, 4.64925750e+08, 4.64925750e+08, 4.64925750e+08,
        4.64925750e+08, 4.64925750e+08, 4.64925750e+08, 4.64925750e+08,
        4.64925750e+08, 4.64925750e+08, 4.64925750e+08, 4.64925750e+08,
        4.64925750e+08, 4.64925750e+08, 4.64925750e+08, 4.64925750e+08,
        4.64925750e+08, 4.64925750e+08, 4.64925750e+08, 4.64925750e+08,
        4.64925750e+08, 4.64925750e+08, 4.64925750e+08, 4.64925750e+08,
        4.64925750e+08, 4.64925750e+08, 4.64925750e+08, 4.64925750e+08,
        4.64925750e+08, 4.64925750e+08, 4.64925750e+08, 4.64925750e+08,
        4.64925750e+08, 4.64925750e+08, 4.64925750e+08, 4.64925750e+08,
        4.64925750e+08, 4.64925750e+08, 4.64925750e+08, 4.64925750e+08,
        4.64925750e+08, 4.64925750e+08, 4.64925750e+08, 4.64925750e+08,
        4.64925750e+08, 4.64925750e+08, 4.64925750e+08, 4.64925750e+08,
        4.64925750e+08, 4.64925750e+08],
       [0.00000000e+00, 0.00000000e+00, 0.00000000e+00, 0.00000000e+00,
        0.00000000e+00, 0.00000000e+00, 0.00000000e+00, 0.00000000e+00,
        0.00000000e+00, 0.00000000e+00, 0.00000000e+00, 0.00000000e+00,
        0.00000000e+00, 0.00000000e+00, 0.00000000e+00, 0.00000000e+00,
        0.00000000e+00, 0.00000000e+00, 0.00000000e+00, 0.00000000e+00,
        0.00000000e+00, 0.00000000e+00, 0.00000000e+00, 0.00000000e+00,
        0.00000000e+00, 0.00000000e+00, 0.00000000e+00, 0.00000000e+00,
        0.00000000e+00, 0.00000000e+00, 0.00000000e+00, 0.00000000e+00,
        0.00000000e+00, 0.00000000e+00, 0.00000000e+00, 0.00000000e+00,
        0.00000000e+00, 0.00000000e+00, 0.00000000e+00, 0.00000000e+00,
        0.00000000e+00, 0.00000000e+00, 0.00000000e+00, 0.00000000e+00,
        0.00000000e+00, 0.00000000e+00, 0.00000000e+00, 0.00000000e+00,
        0.00000000e+00, 0.00000000e+00],
       [0.00000000e+00, 0.00000000e+00, 0.00000000e+00, 0.00000000e+00,
        0.00000000e+00, 0.00000000e+00, 0.00000000e+00, 0.00000000e+00,
        0.00000000e+00, 0.00000000e+00, 0.00000000e+00, 0.00000000e+00,
        0.00000000e+00, 0.00000000e+00, 0.00000000e+00, 0.00000000e+00,
        0.00000000e+00, 0.00000000e+00, 0.00000000e+00, 0.00000000e+00,
        0.00000000e+00, 0.00000000e+00, 0.00000000e+00, 0.00000000e+00,
        0.00000000e+00, 0.00000000e+00, 0.00000000e+00, 0.00000000e+00,
        0.00000000e+00, 0.00000000e+00, 0.00000000e+00, 0.00000000e+00,
        0.00000000e+00, 0.00000000e+00, 0.00000000e+00, 0.00000000e+00,
        0.00000000e+00, 0.00000000e+00, 0.00000000e+00, 0.00000000e+00,
        0.00000000e+00, 0.00000000e+00, 0.00000000e+00, 0.00000000e+00,
        0.00000000e+00, 0.00000000e+00, 0.00000000e+00, 0.00000000e+00,
        0.00000000e+00, 0.00000000e+00],
       [0.00000000e+00, 0.00000000e+00, 0.00000000e+00, 0.00000000e+00,
        0.00000000e+00, 0.00000000e+00, 0.00000000e+00, 0.00000000e+00,
        0.00000000e+00, 0.00000000e+00, 0.00000000e+00, 0.00000000e+00,
        0.00000000e+00, 0.00000000e+00, 0.00000000e+00, 0.00000000e+00,
        0.00000000e+00, 0.00000000e+00, 0.00000000e+00, 0.00000000e+00,
        0.00000000e+00, 0.00000000e+00, 0.00000000e+00, 0.00000000e+00,
        0.00000000e+00, 0.00000000e+00, 0.00000000e+00, 0.00000000e+00,
        0.00000000e+00, 0.00000000e+00, 0.00000000e+00, 0.00000000e+00,
        0.00000000e+00, 0.00000000e+00, 0.00000000e+00, 0.00000000e+00,
        0.00000000e+00, 0.00000000e+00, 0.00000000e+00, 0.00000000e+00,
        0.00000000e+00, 0.00000000e+00, 0.00000000e+00, 0.00000000e+00,
        0.00000000e+00, 0.00000000e+00, 0.00000000e+00, 0.00000000e+00,
        0.00000000e+00, 0.00000000e+00]])), ('cost_percent', array([[0.01083218, 0.01115715, 0.01149186, 0.01183662, 0.01219172,
        0.01255747, 0.01293419, 0.01332222, 0.01372188, 0.01131347,
        0.01165287, 0.01200246, 0.01236253, 0.01273341, 0.01311541,
        0.01350887, 0.01391414, 0.01433156, 0.01476151, 0.01520436,
        0.01566049, 0.0161303 , 0.01661421, 0.01711264, 0.01762601,
        0.0181548 , 0.01869944, 0.01926042, 0.01983823, 0.02043338,
        0.02104638, 0.02167777, 0.02232811, 0.02299795, 0.02368789,
        0.02439853, 0.02513048, 0.0258844 , 0.02666093, 0.02746076,
        0.02828458, 0.02913312, 0.03000711, 0.03090732, 0.03183454,
        0.03278958, 0.03377327, 0.03478646, 0.03583006, 0.03690496],
       [0.02      , 0.02      , 0.02      , 0.02      , 0.02      ,
        0.02      , 0.02      , 0.02      , 0.02      , 0.02      ,
        0.02      , 0.02      , 0.02      , 0.02      , 0.02      ,
        0.02      , 0.02      , 0.02      , 0.02      , 0.02      ,
        0.02      , 0.02      , 0.02      , 0.02      , 0.02      ,
        0.02      , 0.02      , 0.02      , 0.02      , 0.02      ,
        0.02      , 0.02      , 0.02      , 0.02      , 0.02      ,
        0.02      , 0.02      , 0.02      , 0.02      , 0.02      ,
        0.02      , 0.02      , 0.02      , 0.02      , 0.02      ,
        0.02      , 0.02      , 0.02      , 0.02      , 0.02      ],
       [       nan,        nan,        nan,        nan,        nan,
               nan,        nan,        nan,        nan,        nan,
               nan,        nan,        nan,        nan,        nan,
               nan,        nan,        nan,        nan,        nan,
               nan,        nan,        nan,        nan,        nan,
               nan,        nan,        nan,        nan,        nan,
               nan,        nan,        nan,        nan,        nan,
               nan,        nan,        nan,        nan,        nan,
               nan,        nan,        nan,        nan,        nan,
               nan,        nan,        nan,        nan,        nan],
       [       nan,        nan,        nan,        nan,        nan,
               nan,        nan,        nan,        nan,        nan,
               nan,        nan,        nan,        nan,        nan,
               nan,        nan,        nan,        nan,        nan,
               nan,        nan,        nan,        nan,        nan,
               nan,        nan,        nan,        nan,        nan,
               nan,        nan,        nan,        nan,        nan,
               nan,        nan,        nan,        nan,        nan,
               nan,        nan,        nan,        nan,        nan,
               nan,        nan,        nan,        nan,        nan],
       [       nan,        nan,        nan,        nan,        nan,
               nan,        nan,        nan,        nan,        nan,
               nan,        nan,        nan,        nan,        nan,
               nan,        nan,        nan,        nan,        nan,
               nan,        nan,        nan,        nan,        nan,
               nan,        nan,        nan,        nan,        nan,
               nan,        nan,        nan,        nan,        nan,
               nan,        nan,        nan,        nan,        nan,
               nan,        nan,        nan,        nan,        nan,
               nan,        nan,        nan,        nan,        nan]]))])