OrderedDict([('tech_stage', array([[0, 0, 0, ..., 1, 1, 1],
       [0, 0, 0, ..., 2, 2, 2],
       [0, 0, 0, ..., 2, 2, 2],
       ...,
       [0, 1, 1, ..., 2, 2, 2],
       [0, 0, 0, ..., 2, 2, 2],
       [0, 1, 1, ..., 2, 2, 2]])), ('res_plants', array([[0, 0, 0, ..., 4, 4, 4],
       [0, 0, 0, ..., 4, 4, 4],
       [0, 0, 0, ..., 4, 4, 4],
       ...,
       [0, 0, 0, ..., 4, 4, 4],
       [0, 0, 0, ..., 2, 2, 2],
       [0, 0, 0, ..., 4, 4, 4]])), ('res_penetration', array([[0.        , 0.        , 0.        , ..., 0.26666667, 0.26666667,
        0.26666667],
       [0.        , 0.        , 0.        , ..., 0.26666667, 0.26666667,
        0.26666667],
       [0.        , 0.        , 0.        , ..., 0.26666667, 0.26666667,
        0.26666667],
       ...,
       [0.        , 0.        , 0.        , ..., 0.26666667, 0.26666667,
        0.26666667],
       [0.        , 0.        , 0.        , ..., 0.26666667, 0.26666667,
        0.26666667],
       [0.        , 0.        , 0.        , ..., 0.13333333, 0.13333333,
        0.13333333]])), ('tax_level', array([[  0.  ,   0.  ,   0.  , ..., -19.82, -19.82, -19.82],
       [  0.  ,   0.  ,   0.  , ..., -19.82, -19.82, -19.82],
       [  0.  ,   0.  ,   0.  , ..., -19.82, -19.82, -19.82],
       ...,
       [  0.  ,   0.  ,   0.  , ..., -19.82, -19.82, -19.82],
       [  0.  ,   0.  ,   0.  , ..., -19.82, -19.82, -19.82],
       [  0.  ,   0.  ,   0.  , ..., -19.82, -19.82, -19.82]])), ('tax_adjustment', array([[ 0,  0,  0, ..., -1, -1, -1],
       [ 0,  0,  0, ..., -1, -1, -1],
       [ 0,  0,  0, ..., -1, -1, -1],
       ...,
       [ 0,  0,  0, ..., -1, -1, -1],
       [ 0,  0,  0, ..., -1, -1, -1],
       [ 0,  0,  0, ..., -1, -1, -1]])), ('co2_price', array([[ 99.11      , 102.0833    , 105.145799  , ..., 318.1031568 ,
        327.64625151, 337.47563905],
       [ 99.11      , 102.0833    , 105.145799  , ..., 318.1031568 ,
        327.64625151, 337.47563905],
       [ 99.11      , 102.0833    , 105.145799  , ..., 318.1031568 ,
        327.64625151, 337.47563905],
       ...,
       [ 99.11      , 102.0833    , 105.145799  , ..., 318.1031568 ,
        327.64625151, 337.47563905],
       [ 99.11      , 102.0833    , 105.145799  , ..., 318.1031568 ,
        327.64625151, 337.47563905],
       [ 99.11      , 102.0833    , 105.145799  , ..., 318.1031568 ,
        327.64625151, 337.47563905]])), ('co2_tax', array([[5.15712938e+08, 5.31184327e+08, 5.47119856e+08, ...,
        1.21383584e+09, 1.25025091e+09, 1.28775844e+09],
       [5.15712938e+08, 5.31184327e+08, 5.47119856e+08, ...,
        1.21383584e+09, 1.25025091e+09, 1.28775844e+09],
       [5.15712938e+08, 5.31184327e+08, 5.47119856e+08, ...,
        1.21383584e+09, 1.25025091e+09, 1.28775844e+09],
       ...,
       [5.15712938e+08, 5.31184327e+08, 5.47119856e+08, ...,
        1.21383584e+09, 1.25025091e+09, 1.28775844e+09],
       [5.15712938e+08, 5.31184327e+08, 5.47119856e+08, ...,
        1.21383584e+09, 1.25025091e+09, 1.28775844e+09],
       [5.15712938e+08, 5.31184327e+08, 5.47119856e+08, ...,
        1.21383584e+09, 1.25025091e+09, 1.28775844e+09]])), ('co2_emissions', array([[5203440., 5203440., 5203440., ..., 3815856., 3815856., 3815856.],
       [5203440., 5203440., 5203440., ..., 3815856., 3815856., 3815856.],
       [5203440., 5203440., 5203440., ..., 3815856., 3815856., 3815856.],
       ...,
       [5203440., 5203440., 5203440., ..., 3815856., 3815856., 3815856.],
       [5203440., 5203440., 5203440., ..., 3815856., 3815856., 3815856.],
       [5203440., 5203440., 5203440., ..., 4509648., 4509648., 4509648.]])), ('cost_total', array([[9.80638688e+08, 9.96110077e+08, 1.01204561e+09, ...,
        1.59240273e+09, 1.62881781e+09, 1.66632534e+09],
       [9.80638688e+08, 9.96110077e+08, 1.01204561e+09, ...,
        1.59240273e+09, 1.62881781e+09, 1.66632534e+09],
       [9.80638688e+08, 9.96110077e+08, 1.01204561e+09, ...,
        1.59240273e+09, 1.62881781e+09, 1.66632534e+09],
       ...,
       [9.80638688e+08, 9.96110077e+08, 1.01204561e+09, ...,
        1.59240273e+09, 1.62881781e+09, 1.66632534e+09],
       [9.80638688e+08, 9.96110077e+08, 1.01204561e+09, ...,
        1.59240273e+09, 1.62881781e+09, 1.66632534e+09],
       [9.80638688e+08, 9.96110077e+08, 1.01204561e+09, ...,
        1.59240273e+09, 1.62881781e+09, 1.66632534e+09]])), ('cost_breakdown', array([[5.15712938e+08, 5.31184327e+08, 5.46572736e+08, 5.55268295e+08,
        5.54513160e+08, 5.62380049e+08, 5.75556722e+08, 5.84366598e+08,
        5.95582462e+08, 6.07618237e+08, 6.16143733e+08, 6.27013460e+08,
        6.22049703e+08, 6.34147564e+08, 6.44331288e+08, 5.27942699e+08,
        5.41132696e+08, 5.51456590e+08, 5.61912898e+08, 5.72017965e+08,
        5.86197837e+08, 6.00202004e+08, 6.16099937e+08, 6.31868723e+08,
        6.48029145e+08, 6.64014610e+08, 6.82155512e+08, 7.00787255e+08,
        7.19293660e+08, 7.39576105e+08, 7.60428132e+08, 7.81178006e+08,
        8.01780200e+08, 8.25468839e+08, 8.49105773e+08, 8.72644037e+08,
        8.96033219e+08, 9.22914215e+08, 9.50601642e+08, 9.79119691e+08,
        1.00849328e+09, 1.03874808e+09, 1.06991052e+09, 1.10200784e+09,
        1.13506807e+09, 1.16912012e+09, 1.20419372e+09, 1.24031953e+09,
        1.27752912e+09, 1.31585499e+09],
       [4.64925750e+08, 4.64925750e+08, 4.64460824e+08, 4.58106839e+08,
        4.44159066e+08, 4.37340156e+08, 4.34550601e+08, 4.28351591e+08,
        4.23857309e+08, 4.19827952e+08, 4.13318992e+08, 4.08359784e+08,
        3.93327184e+08, 3.89297828e+08, 3.84028670e+08, 3.81859016e+08,
        3.79999313e+08, 3.75969956e+08, 3.71940600e+08, 3.67601293e+08,
        3.65741590e+08, 3.63571936e+08, 3.62332134e+08, 3.60782382e+08,
        3.59232630e+08, 3.57372926e+08, 3.56443075e+08, 3.55513224e+08,
        3.54273422e+08, 3.53653520e+08, 3.53033620e+08, 3.52103768e+08,
        3.50863966e+08, 3.50708991e+08, 3.50244065e+08, 3.49469189e+08,
        3.48384362e+08, 3.48384362e+08, 3.48384362e+08, 3.48384362e+08,
        3.48384362e+08, 3.48384362e+08, 3.48384362e+08, 3.48384362e+08,
        3.48384362e+08, 3.48384362e+08, 3.48384362e+08, 3.48384362e+08,
        3.48384362e+08, 3.48384362e+08],
       [0.00000000e+00, 0.00000000e+00, 7.14000000e+05, 9.81075200e+06,
        3.02984960e+07, 1.44492160e+07, 8.82860800e+06, 1.48723200e+07,
        1.27464640e+07, 1.21985600e+07, 1.69451200e+07, 1.44587840e+07,
        4.10670080e+07, 1.70625280e+07, 1.86476160e+07, 1.37486720e+07,
        1.31258880e+07, 1.66787200e+07, 1.73029120e+07, 1.92970880e+07,
        1.46453760e+07, 1.50278400e+07, 1.38067200e+07, 1.46296960e+07,
        1.47760640e+07, 1.53886080e+07, 1.44172160e+07, 1.40216960e+07,
        1.48193280e+07, 1.37525760e+07, 1.38032640e+07, 1.48309760e+07,
        1.49016320e+07, 1.33664800e+07, 1.40958400e+07, 1.43396960e+07,
        1.53653440e+07, 1.33312320e+07, 1.33214080e+07, 1.33115840e+07,
        1.33017600e+07, 1.33017600e+07, 1.32821120e+07, 1.32821120e+07,
        1.32821120e+07, 1.32821120e+07, 1.32722880e+07, 1.32722880e+07,
        1.32624640e+07, 1.32624640e+07],
       [0.00000000e+00, 0.00000000e+00, 7.48148126e+06, 1.11929496e+08,
        2.52244293e+08, 1.30493181e+08, 5.63386039e+07, 1.20456386e+08,
        8.97939141e+07, 8.21666420e+07, 1.29091213e+08, 1.01874163e+08,
        3.23786453e+08, 9.28975223e+07, 1.19102261e+08, 5.71545824e+07,
        5.16116816e+07, 9.61124080e+07, 9.50471249e+07, 1.04671400e+08,
        5.53338747e+07, 6.21274934e+07, 4.38436562e+07, 5.02159272e+07,
        5.05370326e+07, 5.71109889e+07, 3.85895121e+07, 3.90606992e+07,
        4.53651537e+07, 3.32645867e+07, 3.34002197e+07, 3.94850118e+07,
        4.62090498e+07, 2.43550775e+07, 3.04873850e+07, 3.60121832e+07,
        4.25983748e+07, 2.19314550e+07, 2.19314550e+07, 2.19314550e+07,
        2.19314550e+07, 2.19314550e+07, 2.19314550e+07, 2.19314550e+07,
        2.19314550e+07, 2.19314550e+07, 2.19314550e+07, 2.19314550e+07,
        2.19314550e+07, 2.19314550e+07],
       [0.00000000e+00, 0.00000000e+00, 7.86293982e+06, 1.17551249e+08,
        2.15538474e+08, 1.25417544e+08, 4.75839560e+07, 1.11533661e+08,
        7.95601716e+07, 7.28732677e+07, 1.18479132e+08, 9.37036327e+07,
        2.52761981e+08, 7.15077840e+07, 1.03021309e+08, 4.17895423e+07,
        3.77026403e+07, 8.33335293e+07, 7.98502729e+07, 8.13102878e+07,
        3.77054820e+07, 4.60195747e+07, 2.63050423e+07, 3.11349245e+07,
        3.11352379e+07, 3.77072166e+07, 1.62505527e+07, 1.97348117e+07,
        2.45646278e+07, 1.31635923e+07, 1.31637247e+07, 1.62514267e+07,
        2.63073511e+07, 3.05427718e+06, 7.88392519e+06, 1.51876764e+07,
        1.87804193e+07, 2.14062874e+04, 2.14062874e+04, 2.14062874e+04,
        2.14062874e+04, 2.14062874e+04, 2.14062874e+04, 2.14062874e+04,
        2.14062874e+04, 2.14062874e+04, 2.14062874e+04, 2.14062874e+04,
        2.14062874e+04, 2.14062874e+04]])), ('cost_percent', array([[1.34156389e-02, 1.38181081e-02, 1.41757207e-02, 1.45619000e-02,
        1.45155755e-02, 1.47333092e-02, 1.50471566e-02, 1.53720748e-02,
        1.57312699e-02, 1.60456687e-02, 1.62265472e-02, 1.65090694e-02,
        1.61818592e-02, 1.65228387e-02, 1.68156003e-02, 1.37616500e-02,
        1.40826437e-02, 1.43513793e-02, 1.46357459e-02, 1.48552517e-02,
        1.52492170e-02, 1.55735859e-02, 1.59722431e-02, 1.64090462e-02,
        1.68867726e-02, 1.73034875e-02, 1.77608689e-02, 1.82778012e-02,
        1.87770236e-02, 1.93066110e-02, 1.98684418e-02, 2.03929409e-02,
        2.09494535e-02, 2.14925363e-02, 2.21079914e-02, 2.27510974e-02,
        2.34025238e-02, 2.41045995e-02, 2.48167372e-02, 2.55499089e-02,
        2.63164062e-02, 2.71058984e-02, 2.79190753e-02, 2.87566476e-02,
        2.96193470e-02, 3.05079274e-02, 3.14231653e-02, 3.23658602e-02,
        3.33368360e-02, 3.43369411e-02],
       [2.45424871e-02, 2.45424871e-02, 2.44443172e-02, 2.43788706e-02,
        2.35935110e-02, 2.32499161e-02, 2.30535762e-02, 2.28654172e-02,
        2.27181623e-02, 2.24972799e-02, 2.20882384e-02, 2.18182711e-02,
        2.07629441e-02, 2.05829659e-02, 2.03375410e-02, 2.01984669e-02,
        2.00675736e-02, 1.98548721e-02, 1.96585322e-02, 1.93722032e-02,
        1.93067565e-02, 1.91431400e-02, 1.90613317e-02, 1.90122467e-02,
        1.89958850e-02, 1.88977151e-02, 1.88322685e-02, 1.88159068e-02,
        1.87668218e-02, 1.87340985e-02, 1.87177369e-02, 1.86522902e-02,
        1.86032052e-02, 1.85295778e-02, 1.85050353e-02, 1.84886736e-02,
        1.84641312e-02, 1.84641312e-02, 1.84559503e-02, 1.84477695e-02,
        1.84477695e-02, 1.84477695e-02, 1.84477695e-02, 1.84477695e-02,
        1.84477695e-02, 1.84477695e-02, 1.84477695e-02, 1.84477695e-02,
        1.84477695e-02, 1.84477695e-02],
       [0.00000000e+00, 0.00000000e+00, 4.08560975e-03, 3.02559430e-03,
        4.51335135e-02, 1.91991157e-02, 1.46893349e-02, 1.42990848e-02,
        1.33861055e-02, 1.63901388e-02, 2.57292247e-02, 2.08687453e-02,
        6.75167955e-02, 2.11072900e-02, 2.53541268e-02, 2.00876042e-02,
        2.02871925e-02, 2.37992147e-02, 2.34912261e-02, 2.91259800e-02,
        1.98019090e-02, 2.43698267e-02, 2.14822963e-02, 1.96833462e-02,
        1.81210640e-02, 2.22225127e-02, 2.07971041e-02, 1.86041959e-02,
        1.99742142e-02, 1.94160993e-02, 1.88217289e-02, 2.12240217e-02,
        2.03648763e-02, 2.25490639e-02, 2.00580779e-02, 1.94276809e-02,
        2.01557434e-02, 1.88303579e-02, 1.93183880e-02, 1.93084086e-02,
        1.88244527e-02, 1.88244527e-02, 1.88103991e-02, 1.87963455e-02,
        1.87963455e-02, 1.87822919e-02, 1.87752651e-02, 1.87612115e-02,
        1.87612115e-02, 1.87612115e-02],
       [0.00000000e+00, 0.00000000e+00, 9.96953973e-03, 8.20840925e-03,
        8.92878955e-02, 4.14156215e-02, 2.42944876e-02, 2.36673281e-02,
        1.90097601e-02, 2.79882594e-02, 5.03897805e-02, 3.44709798e-02,
        1.37219332e-01, 2.70646516e-02, 3.54757567e-02, 2.22320478e-02,
        2.12682573e-02, 3.17359751e-02, 2.98194611e-02, 4.17406793e-02,
        1.43163009e-02, 2.68425767e-02, 1.66351427e-02, 1.26651535e-02,
        8.61137127e-03, 1.89481832e-02, 1.49561894e-02, 8.84192126e-03,
        1.30306703e-02, 1.10153693e-02, 8.97747583e-03, 1.51987172e-02,
        1.32506057e-02, 1.60511212e-02, 1.01442340e-02, 9.10027213e-03,
        1.01921219e-02, 7.22516248e-03, 8.16331196e-03, 8.17097574e-03,
        7.24049005e-03, 7.24049005e-03, 7.24049005e-03, 7.24049005e-03,
        7.24049005e-03, 7.24049005e-03, 7.24049005e-03, 7.24049005e-03,
        7.24049005e-03, 7.24049005e-03],
       [0.00000000e+00, 0.00000000e+00, 1.49281965e-02, 1.21293574e-02,
        1.09830038e-01, 5.74115079e-02, 3.01125153e-02, 3.02339022e-02,
        2.25854835e-02, 3.68250779e-02, 6.82362537e-02, 4.43537757e-02,
        1.67396032e-01, 3.18362319e-02, 4.18326721e-02, 2.50150925e-02,
        2.29542625e-02, 3.87264607e-02, 3.57838500e-02, 5.00115317e-02,
        1.08314236e-02, 2.87196585e-02, 1.31241412e-02, 8.53963448e-03,
        3.12823968e-03, 1.70703938e-02, 1.16590850e-02, 3.12856029e-03,
        9.36691431e-03, 6.24784726e-03, 3.12874880e-03, 1.16594222e-02,
        9.36722016e-03, 1.12059779e-02, 3.74199241e-03, 2.88944029e-03,
        3.74205901e-03, 1.00474627e-05, 1.06812688e-03, 1.06813754e-03,
        1.00687775e-05, 1.00687775e-05, 1.00687775e-05, 1.00687775e-05,
        1.00687775e-05, 1.00687775e-05, 1.00687775e-05, 1.00687775e-05,
        1.00687775e-05, 1.00687775e-05]]))])