OrderedDict([('tech_stage', array([[0, 1, 1, ..., 2, 2, 2],
       [0, 0, 0, ..., 2, 2, 2],
       [0, 0, 0, ..., 2, 2, 2],
       ...,
       [0, 0, 0, ..., 1, 1, 1],
       [0, 0, 0, ..., 2, 2, 2],
       [0, 0, 0, ..., 2, 2, 2]])), ('res_plants', array([[0, 0, 0, ..., 4, 4, 4],
       [0, 0, 0, ..., 4, 4, 4],
       [0, 0, 0, ..., 4, 4, 4],
       ...,
       [0, 0, 0, ..., 4, 4, 4],
       [0, 0, 0, ..., 4, 4, 4],
       [0, 0, 0, ..., 4, 4, 4]])), ('res_penetration', array([[0.        , 0.        , 0.        , ..., 0.26666667, 0.26666667,
        0.26666667],
       [0.        , 0.        , 0.        , ..., 0.26666667, 0.26666667,
        0.26666667],
       [0.        , 0.        , 0.        , ..., 0.26666667, 0.26666667,
        0.26666667],
       ...,
       [0.        , 0.        , 0.        , ..., 0.26666667, 0.26666667,
        0.26666667],
       [0.        , 0.        , 0.        , ..., 0.26666667, 0.26666667,
        0.26666667],
       [0.        , 0.        , 0.        , ..., 0.26666667, 0.26666667,
        0.26666667]])), ('tax_level', array([[  0.  ,   0.  ,   0.  , ..., -19.82, -19.82, -19.82],
       [  0.  ,   0.  ,   0.  , ..., -19.82, -19.82, -19.82],
       [  0.  ,   0.  ,   0.  , ..., -19.82, -19.82, -19.82],
       ...,
       [  0.  ,   0.  ,   0.  , ..., -19.82, -19.82, -19.82],
       [  0.  ,   0.  ,   0.  , ..., -19.82, -19.82, -19.82],
       [  0.  ,   0.  ,   0.  , ..., -19.82, -19.82, -19.82]])), ('tax_adjustment', array([[ 0,  0,  0, ..., -1, -1, -1],
       [ 0,  0,  0, ..., -1, -1, -1],
       [ 0,  0,  0, ..., -1, -1, -1],
       ...,
       [ 0,  0,  0, ..., -1, -1, -1],
       [ 0,  0,  0, ..., -1, -1, -1],
       [ 0,  0,  0, ..., -1, -1, -1]])), ('co2_price', array([[ 99.11      , 102.0833    , 105.145799  , ..., 318.1031568 ,
        327.64625151, 337.47563905],
       [ 99.11      , 102.0833    , 105.145799  , ..., 318.1031568 ,
        327.64625151, 337.47563905],
       [ 99.11      , 102.0833    , 105.145799  , ..., 318.1031568 ,
        327.64625151, 337.47563905],
       ...,
       [ 99.11      , 102.0833    , 105.145799  , ..., 318.1031568 ,
        327.64625151, 337.47563905],
       [ 99.11      , 102.0833    , 105.145799  , ..., 318.1031568 ,
        327.64625151, 337.47563905],
       [ 99.11      , 102.0833    , 105.145799  , ..., 318.1031568 ,
        327.64625151, 337.47563905]])), ('co2_tax', array([[5.15712938e+08, 5.31184327e+08, 5.47119856e+08, ...,
        1.21383584e+09, 1.25025091e+09, 1.28775844e+09],
       [5.15712938e+08, 5.31184327e+08, 5.47119856e+08, ...,
        1.43453326e+09, 1.47756926e+09, 1.52189634e+09],
       [5.15712938e+08, 5.31184327e+08, 5.47119856e+08, ...,
        1.21383584e+09, 1.25025091e+09, 1.28775844e+09],
       ...,
       [5.15712938e+08, 5.31184327e+08, 5.47119856e+08, ...,
        1.21383584e+09, 1.25025091e+09, 1.28775844e+09],
       [5.15712938e+08, 5.31184327e+08, 5.47119856e+08, ...,
        1.21383584e+09, 1.25025091e+09, 1.28775844e+09],
       [5.15712938e+08, 5.31184327e+08, 5.47119856e+08, ...,
        1.21383584e+09, 1.25025091e+09, 1.28775844e+09]])), ('co2_emissions', array([[5203440., 5203440., 5203440., ..., 4162752., 4162752., 4162752.],
       [5203440., 5203440., 5203440., ..., 4509648., 4509648., 4509648.],
       [5203440., 5203440., 5203440., ..., 3815856., 3815856., 3815856.],
       ...,
       [5203440., 5203440., 5203440., ..., 3815856., 3815856., 3815856.],
       [5203440., 5203440., 5203440., ..., 3815856., 3815856., 3815856.],
       [5203440., 5203440., 5203440., ..., 3815856., 3815856., 3815856.]])), ('cost_total', array([[9.80638688e+08, 9.96110077e+08, 1.01204561e+09, ...,
        1.59240273e+09, 1.62881781e+09, 1.66632534e+09],
       [9.80638688e+08, 9.96110077e+08, 1.01204561e+09, ...,
        1.59240273e+09, 1.62881781e+09, 1.66632534e+09],
       [9.80638688e+08, 9.96110077e+08, 1.01204561e+09, ...,
        1.59240273e+09, 1.62881781e+09, 1.66632534e+09],
       ...,
       [9.80638688e+08, 9.96110077e+08, 1.01204561e+09, ...,
        1.59240273e+09, 1.62881781e+09, 1.66632534e+09],
       [9.80638688e+08, 9.96110077e+08, 1.01204561e+09, ...,
        1.59240273e+09, 1.62881781e+09, 1.66632534e+09],
       [9.80638688e+08, 9.96110077e+08, 1.01204561e+09, ...,
        1.59240273e+09, 1.62881781e+09, 1.66632534e+09]])), ('cost_breakdown', array([[5.15712938e+08, 5.31184327e+08, 5.45478497e+08, 5.53765539e+08,
        5.54319680e+08, 5.63376470e+08, 5.75351459e+08, 5.78235400e+08,
        5.88396275e+08, 4.81620815e+08, 4.89785400e+08, 5.01623421e+08,
        5.05691615e+08, 5.12985810e+08, 5.23590883e+08, 5.36298935e+08,
        5.45325812e+08, 5.58957854e+08, 5.70107461e+08, 5.71535656e+08,
        5.85204281e+08, 6.00713685e+08, 6.15572906e+08, 6.30783038e+08,
        6.45792634e+08, 6.64014610e+08, 6.81562333e+08, 6.99565307e+08,
        7.19293660e+08, 7.38927922e+08, 7.57757621e+08, 7.80490349e+08,
        8.01780200e+08, 8.24739304e+08, 8.49105773e+08, 8.74191964e+08,
        9.00019132e+08, 9.27019705e+08, 9.54830297e+08, 9.83475206e+08,
        1.01297946e+09, 1.04336885e+09, 1.07466991e+09, 1.10691001e+09,
        1.14011731e+09, 1.17432083e+09, 1.20955045e+09, 1.24583697e+09,
        1.28321208e+09, 1.32170844e+09],
       [4.64925750e+08, 4.64925750e+08, 4.63530973e+08, 4.56867037e+08,
        4.44004091e+08, 4.38115032e+08, 4.34395626e+08, 4.23857309e+08,
        4.18743126e+08, 4.15953571e+08, 4.10684412e+08, 4.08359784e+08,
        3.99681170e+08, 3.93637135e+08, 3.90072704e+08, 3.87903051e+08,
        3.82943843e+08, 3.81084140e+08, 3.77364734e+08, 3.67291342e+08,
        3.65121689e+08, 3.63881887e+08, 3.62022184e+08, 3.60162481e+08,
        3.57992828e+08, 3.57372926e+08, 3.56133124e+08, 3.54893322e+08,
        3.54273422e+08, 3.53343570e+08, 3.51793818e+08, 3.51793818e+08,
        3.50863966e+08, 3.50399040e+08, 3.50244065e+08, 3.50089090e+08,
        3.49934114e+08, 3.49934114e+08, 3.49934114e+08, 3.49934114e+08,
        3.49934114e+08, 3.49934114e+08, 3.49934114e+08, 3.49934114e+08,
        3.49934114e+08, 3.49934114e+08, 3.49934114e+08, 3.49934114e+08,
        3.49934114e+08, 3.49934114e+08],
       [0.00000000e+00, 0.00000000e+00, 2.14200000e+06, 1.03922560e+07,
        2.88959680e+07, 1.38001600e+07, 9.07331200e+06, 2.31110080e+07,
        1.39775360e+07, 9.88260800e+06, 1.39727360e+07, 1.00240320e+07,
        2.27179200e+07, 1.77458560e+07, 1.41275200e+07, 1.23801280e+07,
        1.68710080e+07, 1.27915840e+07, 1.58389440e+07, 3.25273600e+07,
        1.51172480e+07, 1.41712000e+07, 1.49888000e+07, 1.51605120e+07,
        1.57984000e+07, 1.34091520e+07, 1.49030400e+07, 1.47882880e+07,
        1.37215360e+07, 1.42384000e+07, 1.55022080e+07, 1.30622720e+07,
        1.47162240e+07, 1.38424800e+07, 1.34094080e+07, 1.34171680e+07,
        1.34249280e+07, 1.31848640e+07, 1.31750400e+07, 1.31455680e+07,
        1.31455680e+07, 1.31357440e+07, 1.31357440e+07, 1.31357440e+07,
        1.31357440e+07, 1.31062720e+07, 1.31062720e+07, 1.31062720e+07,
        1.31062720e+07, 1.31062720e+07],
       [0.00000000e+00, 0.00000000e+00, 2.24444438e+07, 1.18825150e+08,
        2.33599348e+08, 1.12504328e+08, 6.89198297e+07, 2.06181771e+08,
        1.02436878e+08, 5.64833473e+07, 1.11000930e+08, 5.35072741e+07,
        1.68053970e+08, 1.24784103e+08, 7.97906684e+07, 5.43179972e+07,
        1.07105090e+08, 4.98241303e+07, 8.50854167e+07, 2.25009859e+08,
        6.16725192e+07, 4.32188590e+07, 5.61117185e+07, 5.65006404e+07,
        6.31424132e+07, 3.24867429e+07, 4.48243859e+07, 4.52115436e+07,
        3.31109766e+07, 3.94994605e+07, 5.20567659e+07, 2.12654627e+07,
        3.98721695e+07, 3.01094311e+07, 2.44310078e+07, 2.44623102e+07,
        2.44936127e+07, 2.16387498e+07, 2.16387498e+07, 2.16387498e+07,
        2.16387498e+07, 2.16387498e+07, 2.16387498e+07, 2.16387498e+07,
        2.16387498e+07, 2.16387498e+07, 2.16387498e+07, 2.16387498e+07,
        2.16387498e+07, 2.16387498e+07],
       [0.00000000e+00, 0.00000000e+00, 2.35888195e+07, 1.24628093e+08,
        1.94965373e+08, 1.02104786e+08, 6.76089421e+07, 1.92145869e+08,
        9.34465981e+07, 5.07113852e+07, 1.07459255e+08, 4.58698737e+07,
        1.49690686e+08, 1.14279540e+08, 6.86755596e+07, 4.11601083e+07,
        9.61928086e+07, 3.42186789e+07, 7.09072140e+07, 1.72040004e+08,
        4.42772310e+07, 2.28206333e+07, 3.77062413e+07, 3.77066209e+07,
        4.42786657e+07, 1.31628331e+07, 2.28222004e+07, 2.45644778e+07,
        1.31634424e+07, 1.97352400e+07, 3.11367213e+07, 2.07562428e+04,
        1.79937042e+07, 9.12090435e+06, 3.05435129e+06, 3.05438185e+06,
        3.05441240e+06, 2.11205913e+04, 2.11205913e+04, 2.11205913e+04,
        2.11205913e+04, 2.11205913e+04, 2.11205913e+04, 2.11205913e+04,
        2.11205913e+04, 2.11205913e+04, 2.11205913e+04, 2.11205913e+04,
        2.11205913e+04, 2.11205913e+04]])), ('cost_percent', array([[1.38588215e-02, 1.42745862e-02, 1.46587153e-02, 1.50227572e-02,
        1.48287133e-02, 1.51396899e-02, 1.54725274e-02, 1.55446774e-02,
        1.57242707e-02, 1.28606828e-02, 1.30925319e-02, 1.33216016e-02,
        1.34419769e-02, 1.37204065e-02, 1.40202148e-02, 1.42911157e-02,
        1.46130977e-02, 1.48560167e-02, 1.51758609e-02, 1.52423025e-02,
        1.55794218e-02, 1.59505511e-02, 1.63157637e-02, 1.67177093e-02,
        1.71441131e-02, 1.76120076e-02, 1.80606650e-02, 1.85368098e-02,
        1.90421800e-02, 1.95611894e-02, 2.01300838e-02, 2.06231094e-02,
        2.12227688e-02, 2.18594518e-02, 2.24950424e-02, 2.31386954e-02,
        2.38114335e-02, 2.45257765e-02, 2.52615498e-02, 2.60193963e-02,
        2.67999781e-02, 2.76039775e-02, 2.84320968e-02, 2.92850597e-02,
        3.01636115e-02, 3.10685198e-02, 3.20005754e-02, 3.29605927e-02,
        3.39494105e-02, 3.49678928e-02],
       [2.48239568e-02, 2.48239568e-02, 2.47494849e-02, 2.46253651e-02,
        2.35993082e-02, 2.33924419e-02, 2.32103996e-02, 2.26394486e-02,
        2.22339906e-02, 2.20684976e-02, 2.18119834e-02, 2.15471945e-02,
        2.11086379e-02, 2.09183209e-02, 2.07528279e-02, 2.05376869e-02,
        2.03887432e-02, 2.01239543e-02, 1.99584612e-02, 1.94619821e-02,
        1.93130384e-02, 1.91971932e-02, 1.90647988e-02, 1.89655030e-02,
        1.88827565e-02, 1.88331085e-02, 1.87503620e-02, 1.86841648e-02,
        1.86345169e-02, 1.85848690e-02, 1.85683197e-02, 1.84690238e-02,
        1.84524745e-02, 1.84524745e-02, 1.84359252e-02, 1.84111013e-02,
        1.83945520e-02, 1.83945520e-02, 1.83945520e-02, 1.83945520e-02,
        1.83945520e-02, 1.83945520e-02, 1.83945520e-02, 1.83945520e-02,
        1.83945520e-02, 1.83945520e-02, 1.83945520e-02, 1.83945520e-02,
        1.83945520e-02, 1.83945520e-02],
       [0.00000000e+00, 0.00000000e+00, 2.97154937e-03, 5.17212734e-03,
        5.31111262e-02, 1.39974791e-02, 1.19064184e-02, 3.23359619e-02,
        2.58143349e-02, 1.47498055e-02, 1.88218770e-02, 1.98537454e-02,
        3.00551881e-02, 1.98006515e-02, 1.88533071e-02, 2.17992196e-02,
        1.94513682e-02, 2.48126981e-02, 2.11133494e-02, 4.31488280e-02,
        2.40535796e-02, 2.14411465e-02, 2.30426646e-02, 2.17306770e-02,
        2.09678295e-02, 2.02045380e-02, 2.19850483e-02, 2.08599547e-02,
        2.03538757e-02, 2.08136973e-02, 1.92986566e-02, 2.25673942e-02,
        1.95447708e-02, 1.89332143e-02, 1.95663014e-02, 1.99043755e-02,
        1.99881005e-02, 1.90494571e-02, 1.90358285e-02, 1.90221999e-02,
        1.90221999e-02, 1.90085713e-02, 1.90085713e-02, 1.89813140e-02,
        1.89813140e-02, 1.89813140e-02, 1.89813140e-02, 1.89676854e-02,
        1.89676854e-02, 1.89676854e-02],
       [0.00000000e+00, 0.00000000e+00, 7.26158230e-03, 1.38758002e-02,
        1.11320115e-01, 2.44960651e-02, 2.05720509e-02, 6.69799325e-02,
        4.79828428e-02, 2.01451939e-02, 3.36475889e-02, 3.29307165e-02,
        5.25654071e-02, 2.56347588e-02, 2.31224058e-02, 2.88778586e-02,
        2.16601841e-02, 3.49519244e-02, 2.40608710e-02, 6.77140441e-02,
        2.39886409e-02, 2.03566244e-02, 2.24349782e-02, 1.86019589e-02,
        1.67538952e-02, 1.27684300e-02, 1.68253523e-02, 1.49986589e-02,
        1.30634017e-02, 1.30800974e-02, 9.14318898e-03, 1.92802374e-02,
        9.29677647e-03, 7.29569607e-03, 9.16325202e-03, 1.01172849e-02,
        9.32022729e-03, 7.36245825e-03, 7.36245825e-03, 7.36245825e-03,
        7.36245825e-03, 7.36245825e-03, 7.36245825e-03, 7.36245825e-03,
        7.36245825e-03, 7.36245825e-03, 7.36245825e-03, 7.36245825e-03,
        7.36245825e-03, 7.36245825e-03],
       [0.00000000e+00, 0.00000000e+00, 1.06931967e-02, 2.03172358e-02,
        1.41075044e-01, 3.08964138e-02, 2.80943976e-02, 8.75199517e-02,
        6.19082143e-02, 2.55423353e-02, 4.51488473e-02, 4.36040302e-02,
        6.70783765e-02, 3.00054354e-02, 2.69740917e-02, 3.41638481e-02,
        2.38274172e-02, 4.24801098e-02, 2.69753751e-02, 7.20948756e-02,
        2.28711368e-02, 2.08617744e-02, 2.22616301e-02, 1.70934668e-02,
        1.49042945e-02, 8.15665966e-03, 1.33251292e-02, 1.19256176e-02,
        8.94669456e-03, 8.15708589e-03, 2.98878048e-03, 1.78840259e-02,
        2.98899053e-03, 9.97745033e-06, 2.76008649e-03, 4.13516870e-03,
        2.19939109e-03, 1.00687530e-05, 1.00687530e-05, 1.00687530e-05,
        1.00687530e-05, 1.00687530e-05, 1.00687530e-05, 1.00687530e-05,
        1.00687530e-05, 1.00687530e-05, 1.00687530e-05, 1.00687530e-05,
        1.00687530e-05, 1.00687530e-05]]))])