OrderedDict([('tech_stage', array([[0, 0, 0, ..., 2, 2, 2],
       [0, 1, 2, ..., 2, 2, 2],
       [0, 0, 1, ..., 2, 2, 2],
       ...,
       [0, 1, 1, ..., 2, 2, 2],
       [0, 0, 0, ..., 2, 2, 2],
       [0, 0, 0, ..., 2, 2, 2]])), ('res_plants', array([[0, 0, 0, ..., 4, 4, 4],
       [0, 0, 0, ..., 2, 2, 2],
       [0, 0, 0, ..., 4, 4, 4],
       ...,
       [0, 0, 0, ..., 4, 4, 4],
       [0, 0, 0, ..., 4, 4, 4],
       [0, 0, 0, ..., 4, 4, 4]])), ('res_penetration', array([[0.        , 0.        , 0.        , ..., 0.26666667, 0.26666667,
        0.26666667],
       [0.        , 0.        , 0.        , ..., 0.26666667, 0.26666667,
        0.26666667],
       [0.        , 0.        , 0.        , ..., 0.26666667, 0.26666667,
        0.26666667],
       ...,
       [0.        , 0.        , 0.        , ..., 0.26666667, 0.26666667,
        0.26666667],
       [0.        , 0.        , 0.        , ..., 0.26666667, 0.26666667,
        0.26666667],
       [0.        , 0.        , 0.        , ..., 0.26666667, 0.26666667,
        0.26666667]])), ('tax_level', array([[  0.  ,   0.  ,   0.  , ..., -19.82, -19.82, -19.82],
       [  0.  ,   0.  ,   0.  , ..., -19.82, -19.82, -19.82],
       [  0.  ,   0.  ,   0.  , ..., -19.82, -19.82, -19.82],
       ...,
       [  0.  ,   0.  ,   0.  , ..., -19.82, -19.82, -19.82],
       [  0.  ,   0.  ,   0.  , ..., -19.82, -19.82, -19.82],
       [  0.  ,   0.  ,   0.  , ..., -19.82, -19.82, -19.82]])), ('tax_adjustment', array([[ 0,  0,  0, ..., -1, -1, -1],
       [ 0,  0,  0, ..., -1, -1, -1],
       [ 0,  0,  0, ..., -1, -1, -1],
       ...,
       [ 0,  0,  0, ..., -1, -1, -1],
       [ 0,  0,  0, ..., -1, -1, -1],
       [ 0,  0,  0, ..., -1, -1, -1]])), ('co2_price', array([[ 99.11      , 102.0833    , 105.145799  , ..., 318.1031568 ,
        327.64625151, 337.47563905],
       [ 99.11      , 102.0833    , 105.145799  , ..., 318.1031568 ,
        327.64625151, 337.47563905],
       [ 99.11      , 102.0833    , 105.145799  , ..., 318.1031568 ,
        327.64625151, 337.47563905],
       ...,
       [ 99.11      , 102.0833    , 105.145799  , ..., 318.1031568 ,
        327.64625151, 337.47563905],
       [ 99.11      , 102.0833    , 105.145799  , ..., 318.1031568 ,
        327.64625151, 337.47563905],
       [ 99.11      , 102.0833    , 105.145799  , ..., 318.1031568 ,
        327.64625151, 337.47563905]])), ('co2_tax', array([[5.15712938e+08, 5.31184327e+08, 5.47119856e+08, ...,
        1.21383584e+09, 1.25025091e+09, 1.28775844e+09],
       [5.15712938e+08, 5.31184327e+08, 5.47119856e+08, ...,
        1.21383584e+09, 1.25025091e+09, 1.28775844e+09],
       [5.15712938e+08, 5.31184327e+08, 5.47119856e+08, ...,
        1.21383584e+09, 1.25025091e+09, 1.28775844e+09],
       ...,
       [5.15712938e+08, 5.31184327e+08, 5.47119856e+08, ...,
        1.43453326e+09, 1.47756926e+09, 1.52189634e+09],
       [5.15712938e+08, 5.31184327e+08, 5.47119856e+08, ...,
        1.21383584e+09, 1.25025091e+09, 1.28775844e+09],
       [5.15712938e+08, 5.31184327e+08, 5.47119856e+08, ...,
        1.21383584e+09, 1.25025091e+09, 1.28775844e+09]])), ('co2_emissions', array([[5203440., 5203440., 5203440., ..., 3815856., 3815856., 3815856.],
       [5203440., 5203440., 5203440., ..., 3815856., 3815856., 3815856.],
       [5203440., 5203440., 5203440., ..., 3815856., 3815856., 3815856.],
       ...,
       [5203440., 5203440., 4162752., ..., 3815856., 3815856., 3815856.],
       [5203440., 5203440., 5203440., ..., 3815856., 3815856., 3815856.],
       [5203440., 5203440., 5203440., ..., 3815856., 3815856., 3815856.]])), ('cost_total', array([[9.80638688e+08, 9.96110077e+08, 1.01204561e+09, ...,
        2.12015644e+09, 2.16981336e+09, 2.22095999e+09],
       [9.80638688e+08, 9.96110077e+08, 1.01204561e+09, ...,
        1.59240273e+09, 1.62881781e+09, 1.66632534e+09],
       [9.80638688e+08, 9.96110077e+08, 1.01204561e+09, ...,
        1.59240273e+09, 1.62881781e+09, 1.66632534e+09],
       ...,
       [9.80638688e+08, 9.96110077e+08, 1.01204561e+09, ...,
        1.59240273e+09, 1.62881781e+09, 1.66632534e+09],
       [9.80638688e+08, 9.96110077e+08, 1.01204561e+09, ...,
        1.85448012e+09, 1.89751612e+09, 1.94184320e+09],
       [9.80638688e+08, 9.96110077e+08, 1.01204561e+09, ...,
        1.59240273e+09, 1.62881781e+09, 1.66632534e+09]])), ('cost_breakdown', array([[5.15712938e+08, 5.31184327e+08, 5.46025617e+08, 5.58273806e+08,
        5.55093599e+08, 5.64372891e+08, 5.75761984e+08, 5.81618130e+08,
        5.91662724e+08, 5.96627726e+08, 6.08750932e+08, 6.19160920e+08,
        6.11755736e+08, 6.24554568e+08, 6.38610832e+08, 5.22800400e+08,
        5.32967154e+08, 5.45546503e+08, 5.59103333e+08, 5.72500273e+08,
        5.83713948e+08, 5.96620235e+08, 6.10829621e+08, 6.28068825e+08,
        6.45233506e+08, 6.62286905e+08, 6.78596440e+08, 6.95899463e+08,
        7.13629930e+08, 7.34390645e+08, 7.53084226e+08, 7.72926126e+08,
        7.96113909e+08, 8.19632559e+08, 8.42718694e+08, 8.67226291e+08,
        8.93243080e+08, 9.20040372e+08, 9.47641583e+08, 9.76070831e+08,
        1.00535296e+09, 1.03551354e+09, 1.06657895e+09, 1.09857632e+09,
        1.13153361e+09, 1.16547962e+09, 1.20044401e+09, 1.23645733e+09,
        1.27355105e+09, 1.31175758e+09],
       [4.64925750e+08, 4.64925750e+08, 4.63995898e+08, 4.60586443e+08,
        4.44623992e+08, 4.38889908e+08, 4.34705576e+08, 4.26336913e+08,
        4.21067754e+08, 4.12234165e+08, 4.08359784e+08, 4.03245600e+08,
        3.86818224e+08, 3.83408768e+08, 3.80619214e+08, 3.78139610e+08,
        3.74265229e+08, 3.71940600e+08, 3.70080897e+08, 3.67911244e+08,
        3.64191838e+08, 3.61402283e+08, 3.59232630e+08, 3.58612728e+08,
        3.57682877e+08, 3.56443075e+08, 3.54583372e+08, 3.53033620e+08,
        3.51483867e+08, 3.51173916e+08, 3.49624164e+08, 3.48384362e+08,
        3.48384362e+08, 3.48229387e+08, 3.47609486e+08, 3.47299535e+08,
        3.47299535e+08, 3.47299535e+08, 3.47299535e+08, 3.47299535e+08,
        3.47299535e+08, 3.47299535e+08, 3.47299535e+08, 3.47299535e+08,
        3.47299535e+08, 3.47299535e+08, 3.47299535e+08, 3.47299535e+08,
        3.47299535e+08, 3.47299535e+08],
       [0.00000000e+00, 0.00000000e+00, 1.42800000e+06, 5.34150400e+06,
        3.42163520e+07, 1.34083200e+07, 1.12417600e+07, 1.77593920e+07,
        1.40766400e+07, 2.07428480e+07, 1.31909440e+07, 1.54019200e+07,
        4.34257920e+07, 1.53263360e+07, 1.47120640e+07, 1.42578560e+07,
        1.65878720e+07, 1.44657280e+07, 1.39761920e+07, 1.57536640e+07,
        1.83601920e+07, 1.65977600e+07, 1.61882240e+07, 1.35828480e+07,
        1.41193600e+07, 1.46812160e+07, 1.57345920e+07, 1.54401280e+07,
        1.55864960e+07, 1.36127360e+07, 1.55027840e+07, 1.51633280e+07,
        1.34000000e+07, 1.36281760e+07, 1.43204640e+07, 1.41604000e+07,
        1.34837920e+07, 1.34837920e+07, 1.34739680e+07, 1.34641440e+07,
        1.34444960e+07, 1.34346720e+07, 1.34150240e+07, 1.34052000e+07,
        1.33953760e+07, 1.33855520e+07, 1.33757280e+07, 1.33659040e+07,
        1.33560800e+07, 1.33560800e+07],
       [0.00000000e+00, 0.00000000e+00, 1.49629625e+07, 6.11364890e+07,
        2.87966529e+08, 1.09519321e+08, 8.18314868e+07, 1.61403365e+08,
        1.04756694e+08, 1.72186814e+08, 8.15117477e+07, 1.05605850e+08,
        3.50716305e+08, 8.25472712e+07, 7.07515967e+07, 6.47561348e+07,
        9.27624920e+07, 6.32796082e+07, 5.37458554e+07, 6.15286462e+07,
        9.22476885e+07, 7.46685859e+07, 6.25854325e+07, 3.20456539e+07,
        3.84161607e+07, 4.48544840e+07, 5.76134747e+07, 5.17495457e+07,
        5.20706511e+07, 2.75321987e+07, 5.26114189e+07, 4.66976505e+07,
        2.19575128e+07, 2.48436782e+07, 3.35334767e+07, 2.82150302e+07,
        2.21638645e+07, 2.21638645e+07, 2.21638645e+07, 2.21638645e+07,
        2.21638645e+07, 2.21638645e+07, 2.21638645e+07, 2.21638645e+07,
        2.21638645e+07, 2.21638645e+07, 2.21638645e+07, 2.21638645e+07,
        2.21638645e+07, 2.21638645e+07],
       [0.00000000e+00, 0.00000000e+00, 1.57258796e+07, 6.40832577e+07,
        2.47002413e+08, 9.98753863e+07, 7.26153567e+07, 1.57648859e+08,
        9.56753487e+07, 1.61854774e+08, 7.06461421e+07, 9.59337614e+07,
        2.82392235e+08, 6.88179549e+07, 5.56753174e+07, 5.04751132e+07,
        7.93626649e+07, 4.82471857e+07, 3.77047233e+07, 3.80508717e+07,
        7.01672864e+07, 5.56791406e+07, 4.07943229e+07, 1.14205030e+07,
        1.79922831e+07, 2.45641293e+07, 3.77077071e+07, 3.11364214e+07,
        3.11367348e+07, 6.59243505e+06, 3.28791622e+07, 2.63078280e+07,
        2.14317213e+04, 3.05475408e+06, 1.21547517e+07, 4.85120194e+06,
        2.16331317e+04, 2.16331317e+04, 2.16331317e+04, 2.16331317e+04,
        2.16331317e+04, 2.16331317e+04, 2.16331317e+04, 2.16331317e+04,
        2.16331317e+04, 2.16331317e+04, 2.16331317e+04, 2.16331317e+04,
        2.16331317e+04, 2.16331317e+04]])), ('cost_percent', array([[1.35103612e-02, 1.39156720e-02, 1.42471433e-02, 1.45662946e-02,
        1.45318965e-02, 1.48112313e-02, 1.51211342e-02, 1.53421437e-02,
        1.56198531e-02, 1.58064014e-02, 1.60445551e-02, 1.62703046e-02,
        1.61163289e-02, 1.65204571e-02, 1.68525858e-02, 1.37521658e-02,
        1.40375373e-02, 1.43276541e-02, 1.46286778e-02, 1.48843270e-02,
        1.51876994e-02, 1.55763067e-02, 1.60159821e-02, 1.64964616e-02,
        1.68595259e-02, 1.73351374e-02, 1.77464132e-02, 1.82467936e-02,
        1.87777113e-02, 1.93240619e-02, 1.97988429e-02, 2.03207488e-02,
        2.09118160e-02, 2.15296145e-02, 2.21558176e-02, 2.28002163e-02,
        2.34111282e-02, 2.41134621e-02, 2.48368659e-02, 2.55819719e-02,
        2.63494311e-02, 2.71399140e-02, 2.79541114e-02, 2.87927348e-02,
        2.96565168e-02, 3.05462123e-02, 3.14625987e-02, 3.24064767e-02,
        3.33786710e-02, 3.43800311e-02],
       [2.47208603e-02, 2.47208603e-02, 2.45725351e-02, 2.43912488e-02,
        2.36249021e-02, 2.33776935e-02, 2.31716864e-02, 2.28255943e-02,
        2.25619052e-02, 2.21663714e-02, 2.18450002e-02, 2.15071484e-02,
        2.06831198e-02, 2.05842363e-02, 2.03864694e-02, 2.01887026e-02,
        2.00074163e-02, 1.98261299e-02, 1.96530839e-02, 1.94141156e-02,
        1.92328293e-02, 1.91504264e-02, 1.91174653e-02, 1.91174653e-02,
        1.89691401e-02, 1.89361790e-02, 1.88208150e-02, 1.87878538e-02,
        1.87713732e-02, 1.87548927e-02, 1.86560092e-02, 1.85900869e-02,
        1.85736064e-02, 1.85653661e-02, 1.85488855e-02, 1.85324049e-02,
        1.84747229e-02, 1.84747229e-02, 1.84747229e-02, 1.84747229e-02,
        1.84747229e-02, 1.84747229e-02, 1.84747229e-02, 1.84747229e-02,
        1.84747229e-02, 1.84747229e-02, 1.84747229e-02, 1.84747229e-02,
        1.84747229e-02, 1.84747229e-02],
       [0.00000000e+00, 0.00000000e+00, 5.95693294e-03, 7.72080804e-03,
        4.35375598e-02, 1.56595141e-02, 1.39255405e-02, 2.15151736e-02,
        1.91234122e-02, 2.48730372e-02, 2.20505078e-02, 2.39733234e-02,
        5.76698743e-02, 1.83973227e-02, 2.33177160e-02, 2.21286877e-02,
        2.22858484e-02, 2.32745546e-02, 2.25594557e-02, 2.76943653e-02,
        2.36416485e-02, 2.12054799e-02, 1.84534770e-02, 1.72275168e-02,
        2.30615067e-02, 1.88411281e-02, 2.25078846e-02, 1.91856180e-02,
        1.86078789e-02, 1.86431199e-02, 2.19194664e-02, 2.11896392e-02,
        1.94132607e-02, 1.87897127e-02, 1.94866127e-02, 1.91803452e-02,
        2.11571570e-02, 1.86702181e-02, 1.86702181e-02, 1.86565578e-02,
        1.86428974e-02, 1.86428974e-02, 1.85745957e-02, 1.85745957e-02,
        1.85745957e-02, 1.85745957e-02, 1.85609354e-02, 1.85609354e-02,
        1.85609354e-02, 1.85609354e-02],
       [0.00000000e+00, 0.00000000e+00, 1.46559962e-02, 2.09216778e-02,
        8.50763852e-02, 2.92621831e-02, 2.49405580e-02, 4.10820760e-02,
        3.20053900e-02, 4.75531777e-02, 3.96481888e-02, 4.18720589e-02,
        1.08371768e-01, 1.65188484e-02, 2.87782137e-02, 2.91035051e-02,
        2.71179073e-02, 2.68303060e-02, 2.65325099e-02, 3.56957477e-02,
        2.84770872e-02, 1.63227692e-02, 1.04400272e-02, 6.40126191e-03,
        2.47749815e-02, 1.06835864e-02, 2.08859150e-02, 1.08769927e-02,
        8.87975182e-03, 8.90189356e-03, 1.91316573e-02, 1.51318821e-02,
        9.09000642e-03, 8.05664973e-03, 9.11649883e-03, 9.02546062e-03,
        1.38648037e-02, 7.22863664e-03, 7.22863664e-03, 7.22863664e-03,
        7.22863664e-03, 7.22863664e-03, 7.22863664e-03, 7.22863664e-03,
        7.22863664e-03, 7.22863664e-03, 7.22863664e-03, 7.22863664e-03,
        7.22863664e-03, 7.22863664e-03],
       [0.00000000e+00, 0.00000000e+00, 2.19814969e-02, 3.11407684e-02,
        1.03541883e-01, 3.81068149e-02, 3.29138566e-02, 5.40441434e-02,
        4.01854114e-02, 6.37496951e-02, 5.32447907e-02, 5.53226638e-02,
        1.23666709e-01, 1.51311636e-02, 3.18796022e-02, 3.57653597e-02,
        3.17191792e-02, 2.99232237e-02, 3.08540604e-02, 3.94425894e-02,
        3.36897116e-02, 1.28833994e-02, 6.13273205e-03, 8.91628751e-06,
        2.75663648e-02, 6.13307131e-03, 2.06311536e-02, 6.13334070e-03,
        3.07146366e-03, 3.07149450e-03, 1.83812190e-02, 1.14458535e-02,
        2.26015252e-03, 1.42322667e-03, 2.26018942e-03, 2.83658072e-03,
        9.32682631e-03, 1.00687339e-05, 1.00687339e-05, 1.00687339e-05,
        1.00687339e-05, 1.00687339e-05, 1.00687339e-05, 1.00687339e-05,
        1.00687339e-05, 1.00687339e-05, 1.00687339e-05, 1.00687339e-05,
        1.00687339e-05, 1.00687339e-05]]))])