OrderedDict([('tech_stage', array([[0, 0, 0, ..., 2, 2, 2],
       [0, 0, 0, ..., 2, 2, 2],
       [0, 0, 0, ..., 2, 2, 2],
       ...,
       [0, 0, 1, ..., 2, 2, 2],
       [0, 1, 1, ..., 2, 2, 2],
       [0, 0, 0, ..., 2, 2, 2]])), ('res_plants', array([[0, 0, 0, ..., 5, 5, 5],
       [0, 0, 0, ..., 5, 5, 5],
       [0, 1, 1, ..., 5, 5, 5],
       ...,
       [0, 0, 0, ..., 0, 0, 0],
       [0, 1, 4, ..., 5, 5, 5],
       [0, 0, 0, ..., 5, 5, 5]])), ('res_penetration', array([[0.        , 0.        , 0.        , ..., 0.33333333, 0.33333333,
        0.33333333],
       [0.        , 0.        , 0.        , ..., 0.26666667, 0.26666667,
        0.26666667],
       [0.        , 0.        , 0.        , ..., 0.2       , 0.2       ,
        0.2       ],
       ...,
       [0.        , 0.        , 0.        , ..., 0.33333333, 0.33333333,
        0.33333333],
       [0.        , 0.        , 0.        , ..., 0.26666667, 0.26666667,
        0.26666667],
       [0.        , 0.        , 0.        , ..., 0.26666667, 0.26666667,
        0.26666667]])), ('tax_level', array([[  0.  ,   0.  ,   0.  , ..., -24.64, -24.64, -24.64],
       [  0.  ,   0.  ,   0.  , ..., -24.64, -24.64, -24.64],
       [  0.  ,   0.  ,   0.  , ..., -24.64, -24.64, -24.64],
       ...,
       [  0.  ,   0.  ,   0.  , ..., -24.64, -24.64, -24.64],
       [  0.  ,   0.  ,   0.  , ..., -24.64, -24.64, -24.64],
       [  0.  ,   0.  ,   0.  , ..., -24.64, -24.64, -24.64]])), ('tax_adjustment', array([[ 0,  0,  0, ..., -1, -1, -1],
       [ 0,  0,  0, ..., -1, -1, -1],
       [ 0,  0,  0, ..., -1, -1, -1],
       ...,
       [ 0,  0,  0, ..., -1, -1, -1],
       [ 0,  0,  0, ..., -1, -1, -1],
       [ 0,  0,  0, ..., -1, -1, -1]])), ('co2_price', array([[123.18      , 126.8754    , 130.681662  , ..., 395.3321361 ,
        407.19210018, 419.40786319],
       [123.18      , 126.8754    , 130.681662  , ..., 395.3321361 ,
        407.19210018, 419.40786319],
       [123.18      , 126.8754    , 130.681662  , ..., 395.3321361 ,
        407.19210018, 419.40786319],
       ...,
       [123.18      , 126.8754    , 130.681662  , ..., 395.3321361 ,
        407.19210018, 419.40786319],
       [123.18      , 126.8754    , 130.681662  , ..., 395.3321361 ,
        407.19210018, 419.40786319],
       [123.18      , 126.8754    , 130.681662  , ..., 395.3321361 ,
        407.19210018, 419.40786319]])), ('co2_tax', array([[6.40959739e+08, 6.60188531e+08, 6.79994187e+08, ...,
        1.37139137e+09, 1.41253311e+09, 1.45490910e+09],
       [6.40959739e+08, 6.60188531e+08, 6.79994187e+08, ...,
        1.37139137e+09, 1.41253311e+09, 1.45490910e+09],
       [6.40959739e+08, 6.60188531e+08, 6.79994187e+08, ...,
        1.37139137e+09, 1.41253311e+09, 1.45490910e+09],
       ...,
       [6.40959739e+08, 6.60188531e+08, 6.79994187e+08, ...,
        1.37139137e+09, 1.41253311e+09, 1.45490910e+09],
       [6.40959739e+08, 6.60188531e+08, 6.79994187e+08, ...,
        1.37139137e+09, 1.41253311e+09, 1.45490910e+09],
       [6.40959739e+08, 6.60188531e+08, 6.79994187e+08, ...,
        1.50853050e+09, 1.55378642e+09, 1.60040001e+09]])), ('co2_emissions', array([[5203440., 4856544., 4856544., ..., 3468960., 3468960., 3468960.],
       [5203440., 5203440., 5203440., ..., 3468960., 3468960., 3468960.],
       [5203440., 5203440., 5203440., ..., 3468960., 3468960., 3468960.],
       ...,
       [5203440., 5203440., 5203440., ..., 3468960., 3468960., 3468960.],
       [5203440., 5203440., 5203440., ..., 3468960., 3468960., 3468960.],
       [5203440., 4856544., 4856544., ..., 3468960., 3468960., 3468960.]])), ('cost_total', array([[1.10588549e+09, 1.12511428e+09, 2.14981434e+09, ...,
        1.73100699e+09, 1.77214873e+09, 1.81452472e+09],
       [1.10588549e+09, 1.12511428e+09, 2.14981434e+09, ...,
        1.73100699e+09, 1.77214873e+09, 1.81452472e+09],
       [1.10588549e+09, 1.12511428e+09, 1.14491994e+09, ...,
        1.73100699e+09, 1.77214873e+09, 1.81452472e+09],
       ...,
       [1.10588549e+09, 1.12511428e+09, 1.14491994e+09, ...,
        2.36200084e+09, 2.41959927e+09, 2.47892566e+09],
       [1.10588549e+09, 1.12511428e+09, 1.14491994e+09, ...,
        1.73100699e+09, 1.77214873e+09, 1.81452472e+09],
       [1.10588549e+09, 1.12511428e+09, 1.14491994e+09, ...,
        1.73100699e+09, 1.77214873e+09, 1.81452472e+09]])), ('cost_breakdown', array([[6.40959739e+08, 6.56007337e+08, 6.70927598e+08, 6.84518415e+08,
        6.73793048e+08, 6.81622706e+08, 6.96203785e+08, 5.67973106e+08,
        5.77867441e+08, 5.85614199e+08, 5.97669913e+08, 5.96673031e+08,
        5.95809487e+08, 6.05149928e+08, 6.15548668e+08, 6.29222069e+08,
        6.37676492e+08, 6.49179353e+08, 6.59634587e+08, 6.54248687e+08,
        6.64306674e+08, 6.80738386e+08, 6.98868093e+08, 7.12750482e+08,
        7.31353506e+08, 7.48641938e+08, 7.56725983e+08, 7.76770191e+08,
        7.96944955e+08, 8.20047756e+08, 8.42989760e+08, 8.67424847e+08,
        8.89926617e+08, 9.16171090e+08, 9.43656222e+08, 9.71965909e+08,
        1.00112489e+09, 1.03115863e+09, 1.06209339e+09, 1.09287360e+09,
        1.12510228e+09, 1.15885535e+09, 1.19362101e+09, 1.22942964e+09,
        1.26631253e+09, 1.30430190e+09, 1.34343096e+09, 1.38373389e+09,
        1.42524591e+09, 1.46800328e+09],
       [4.64925750e+08, 4.61981220e+08, 4.58726740e+08, 4.54387433e+08,
        4.34240650e+08, 4.26491888e+08, 4.22927457e+08, 4.18743126e+08,
        4.13628942e+08, 4.06965006e+08, 4.03245600e+08, 3.90847580e+08,
        3.78914486e+08, 3.73645328e+08, 3.68996070e+08, 3.66206516e+08,
        3.60317456e+08, 3.56133124e+08, 3.51328892e+08, 3.38310971e+08,
        3.33506738e+08, 3.31802010e+08, 3.30717184e+08, 3.27462703e+08,
        3.26222901e+08, 3.24208223e+08, 3.18164188e+08, 3.17079362e+08,
        3.15839560e+08, 3.15529609e+08, 3.14909708e+08, 3.14599758e+08,
        3.13359956e+08, 3.13204980e+08, 3.13204980e+08, 3.13204980e+08,
        3.13204980e+08, 3.13204980e+08, 3.13204980e+08, 3.12895030e+08,
        3.12740054e+08, 3.12740054e+08, 3.12740054e+08, 3.12740054e+08,
        3.12740054e+08, 3.12740054e+08, 3.12740054e+08, 3.12740054e+08,
        3.12740054e+08, 3.12740054e+08],
       [0.00000000e+00, 6.85520000e+06, 7.63091200e+06, 1.02359680e+07,
        4.35413760e+07, 2.06865920e+07, 1.22073280e+07, 1.34409600e+07,
        1.57023040e+07, 1.79110400e+07, 1.40076160e+07, 2.71190720e+07,
        3.29202720e+07, 1.98846880e+07, 1.97663200e+07, 1.67206880e+07,
        2.19740320e+07, 1.97491520e+07, 2.08713760e+07, 4.16047840e+07,
        2.28493280e+07, 1.85902240e+07, 1.78169120e+07, 2.11541120e+07,
        1.80167680e+07, 1.96421600e+07, 2.94529440e+07, 1.93004480e+07,
        1.96025920e+07, 1.78044160e+07, 1.82369920e+07, 1.77920320e+07,
        1.95253600e+07, 1.76267200e+07, 1.74063040e+07, 1.73866560e+07,
        1.73866560e+07, 1.73866560e+07, 1.73522720e+07, 1.80738720e+07,
        1.76057920e+07, 1.73853760e+07, 1.73460800e+07, 1.73264320e+07,
        1.73264320e+07, 1.73264320e+07, 1.73264320e+07, 1.73067840e+07,
        1.73067840e+07, 1.73067840e+07],
       [0.00000000e+00, 5.35054617e+07, 5.98535531e+07, 8.03536756e+07,
        4.15925172e+08, 1.62001239e+08, 7.46237500e+07, 8.74257468e+07,
        1.05378663e+08, 1.35533100e+08, 8.16578796e+07, 2.95780016e+08,
        2.63657141e+08, 1.28449730e+08, 1.15323092e+08, 7.76214545e+07,
        1.45393970e+08, 1.10056244e+08, 1.25237744e+08, 3.34927604e+08,
        1.37271580e+08, 6.55212885e+07, 5.13310725e+07, 1.02627684e+08,
        5.70184803e+07, 7.45616469e+07, 1.92898969e+08, 5.62402507e+07,
        6.04128945e+07, 3.84438589e+07, 4.63834615e+07, 3.86994186e+07,
        6.04990730e+07, 3.51515055e+07, 3.12668908e+07, 3.12668908e+07,
        3.12668908e+07, 3.12668908e+07, 3.12668908e+07, 3.73678958e+07,
        3.42028955e+07, 3.13480326e+07, 3.13480326e+07, 3.13480326e+07,
        3.13480326e+07, 3.13480326e+07, 3.13480326e+07, 3.13480326e+07,
        3.13480326e+07, 3.13480326e+07],
       [0.00000000e+00, 4.23554663e+07, 4.92987055e+07, 6.73881899e+07,
        3.60548924e+08, 1.34564405e+08, 6.18449710e+07, 7.53600717e+07,
        9.12205835e+07, 1.26306712e+08, 6.90464636e+07, 2.96990128e+08,
        2.24469221e+08, 1.09757076e+08, 9.31895790e+07, 5.73034452e+07,
        1.26328300e+08, 8.94026244e+07, 1.05972127e+08, 2.63178878e+08,
        1.15208587e+08, 3.85518707e+07, 2.32206835e+07, 7.68814305e+07,
        3.06903267e+07, 4.62193630e+07, 1.37627642e+08, 2.38129532e+07,
        2.79406375e+07, 8.28474642e+06, 1.65397190e+07, 8.28499586e+06,
        2.85303530e+07, 4.15792134e+06, 3.05181781e+04, 3.05181781e+04,
        3.05181781e+04, 3.05181781e+04, 3.05181781e+04, 4.86013564e+06,
        3.06388918e+06, 3.05973770e+04, 3.05973770e+04, 3.05973770e+04,
        3.05973770e+04, 3.05973770e+04, 3.05973770e+04, 3.05973770e+04,
        3.05973770e+04, 3.05973770e+04]])), ('cost_percent', array([[1.51062977e-02, 1.54713162e-02, 1.58499822e-02, 1.61659134e-02,
        1.59594651e-02, 1.60704900e-02, 1.64203281e-02, 1.33464974e-02,
        1.35989117e-02, 1.37651092e-02, 1.39994157e-02, 1.38952592e-02,
        1.39158344e-02, 1.40552799e-02, 1.41905679e-02, 1.44531147e-02,
        1.47186429e-02, 1.49604630e-02, 1.52584072e-02, 1.52923529e-02,
        1.55910659e-02, 1.59763682e-02, 1.63861935e-02, 1.67823797e-02,
        1.70811395e-02, 1.75429689e-02, 1.77825823e-02, 1.82981642e-02,
        1.88378930e-02, 1.93365810e-02, 1.98971235e-02, 2.04336126e-02,
        2.09636377e-02, 2.15498105e-02, 2.21963048e-02, 2.28508592e-02,
        2.35363850e-02, 2.42424765e-02, 2.49697508e-02, 2.57188433e-02,
        2.64772685e-02, 2.72715866e-02, 2.80897342e-02, 2.89324262e-02,
        2.98003990e-02, 3.06944110e-02, 3.16152433e-02, 3.25637006e-02,
        3.35406116e-02, 3.45468300e-02],
       [2.65990460e-02, 2.64483181e-02, 2.63064565e-02, 2.60493324e-02,
        2.49676378e-02, 2.44090579e-02, 2.42139982e-02, 2.38859433e-02,
        2.36288192e-02, 2.32209671e-02, 2.29283776e-02, 2.20949409e-02,
        2.14831628e-02, 2.10664444e-02, 2.06497260e-02, 2.04192010e-02,
        2.01886759e-02, 1.99226854e-02, 1.97276258e-02, 1.91956448e-02,
        1.90005852e-02, 1.89030553e-02, 1.88232582e-02, 1.87168620e-02,
        1.84952033e-02, 1.84420052e-02, 1.81494157e-02, 1.81316830e-02,
        1.81228167e-02, 1.80607522e-02, 1.80430195e-02, 1.79898214e-02,
        1.79188906e-02, 1.78834252e-02, 1.78834252e-02, 1.78745589e-02,
        1.78745589e-02, 1.78745589e-02, 1.78745589e-02, 1.78745589e-02,
        1.78656926e-02, 1.78656926e-02, 1.78656926e-02, 1.78656926e-02,
        1.78656926e-02, 1.78656926e-02, 1.78656926e-02, 1.78656926e-02,
        1.78656926e-02, 1.78656926e-02],
       [0.00000000e+00, 6.49883373e-03, 6.12621245e-03, 1.06653770e-02,
        4.33075431e-02, 2.45506731e-02, 1.23979981e-02, 1.71993877e-02,
        1.44401254e-02, 1.98190271e-02, 1.71323904e-02, 3.28278495e-02,
        3.37239714e-02, 2.50483208e-02, 2.66838366e-02, 2.07441722e-02,
        2.04062701e-02, 2.23469522e-02, 2.05970563e-02, 3.70950920e-02,
        2.33686770e-02, 1.98336573e-02, 1.95030280e-02, 1.99588194e-02,
        2.45067316e-02, 1.90102287e-02, 2.93968518e-02, 1.87801970e-02,
        1.85444691e-02, 2.05341277e-02, 1.88624178e-02, 2.02362510e-02,
        2.07899276e-02, 1.94722927e-02, 1.85173108e-02, 1.87538694e-02,
        1.84995104e-02, 1.84786924e-02, 1.84578745e-02, 1.84370565e-02,
        1.88193408e-02, 1.84400741e-02, 1.84400741e-02, 1.84192561e-02,
        1.84192561e-02, 1.84192561e-02, 1.83724157e-02, 1.83724157e-02,
        1.83724157e-02, 1.83724157e-02],
       [0.00000000e+00, 1.08816534e-02, 1.03938315e-02, 1.89313522e-02,
        8.85845305e-02, 4.69266784e-02, 1.63568127e-02, 2.68035187e-02,
        2.16926736e-02, 3.33281678e-02, 2.44019285e-02, 7.91838011e-02,
        5.46839622e-02, 3.91339585e-02, 3.90217356e-02, 2.40984838e-02,
        2.47619572e-02, 2.77475855e-02, 2.19677001e-02, 5.64342308e-02,
        2.32329119e-02, 1.49654451e-02, 1.33979038e-02, 1.61862742e-02,
        2.63832182e-02, 1.15196125e-02, 3.90053228e-02, 8.66317885e-03,
        7.78988332e-03, 1.28586191e-02, 8.74801116e-03, 1.19177785e-02,
        1.36231764e-02, 1.06656487e-02, 7.13374055e-03, 7.89899172e-03,
        7.14204023e-03, 7.14204023e-03, 7.14204023e-03, 7.14204023e-03,
        7.78213748e-03, 7.14726921e-03, 7.14726921e-03, 7.14726921e-03,
        7.14726921e-03, 7.14726921e-03, 7.14726921e-03, 7.14726921e-03,
        7.14726921e-03, 7.14726921e-03],
       [0.00000000e+00, 1.24327695e-02, 1.25165871e-02, 2.36541887e-02,
        1.10766240e-01, 6.01117911e-02, 1.95580293e-02, 3.39946693e-02,
        2.85095807e-02, 4.46525122e-02, 3.11076886e-02, 1.14348928e-01,
        6.40862194e-02, 4.97070008e-02, 4.74407630e-02, 2.74045122e-02,
        2.96715265e-02, 3.28407055e-02, 2.42365374e-02, 5.99533751e-02,
        2.29011019e-02, 1.26477145e-02, 1.01329466e-02, 1.50981596e-02,
        2.78668248e-02, 7.55390688e-03, 3.88959878e-02, 2.71784945e-03,
        1.36379662e-03, 7.81235981e-03, 2.71796896e-03, 6.65165068e-03,
        9.16661269e-03, 5.42631560e-03, 1.00496945e-05, 1.17086469e-03,
        1.00613867e-05, 1.00613867e-05, 1.00613867e-05, 1.00613867e-05,
        7.41400767e-04, 1.00687531e-05, 1.00687531e-05, 1.00687531e-05,
        1.00687531e-05, 1.00687531e-05, 1.00687531e-05, 1.00687531e-05,
        1.00687531e-05, 1.00687531e-05]]))])