OrderedDict([('tech_stage', array([[0, 0, 0, ..., 2, 2, 2],
       [0, 1, 1, ..., 2, 2, 2],
       [0, 0, 0, ..., 2, 2, 2],
       ...,
       [0, 0, 0, ..., 2, 2, 2],
       [0, 0, 0, ..., 2, 2, 2],
       [0, 0, 0, ..., 2, 2, 2]])), ('res_plants', array([[0, 0, 0, ..., 1, 1, 1],
       [0, 0, 0, ..., 1, 1, 1],
       [0, 0, 0, ..., 1, 1, 1],
       ...,
       [0, 0, 0, ..., 1, 1, 1],
       [0, 0, 0, ..., 0, 0, 0],
       [0, 0, 0, ..., 0, 0, 0]])), ('res_penetration', array([[0.        , 0.        , 0.        , ..., 0.        , 0.        ,
        0.        ],
       [0.        , 0.        , 0.        , ..., 0.06666667, 0.06666667,
        0.06666667],
       [0.        , 0.        , 0.        , ..., 0.06666667, 0.06666667,
        0.06666667],
       ...,
       [0.        , 0.        , 0.        , ..., 0.06666667, 0.06666667,
        0.06666667],
       [0.        , 0.        , 0.        , ..., 0.        , 0.        ,
        0.        ],
       [0.        , 0.        , 0.        , ..., 0.06666667, 0.06666667,
        0.06666667]])), ('tax_level', array([[ 0.  ,  0.  ,  0.  , ..., -8.37, -8.37, -8.37],
       [ 0.  ,  0.  ,  0.  , ..., -8.37, -8.37, -8.37],
       [ 0.  ,  0.  ,  0.  , ..., -8.37, -8.37, -8.37],
       ...,
       [ 0.  ,  0.  ,  0.  , ..., -8.37, -8.37, -8.37],
       [ 0.  ,  0.  ,  0.  , ..., -8.37, -8.37, -8.37],
       [ 0.  ,  0.  ,  0.  , ..., -8.37, -8.37, -8.37]])), ('tax_adjustment', array([[ 0,  0,  0, ..., -1, -1, -1],
       [ 0,  0,  0, ..., -1, -1, -1],
       [ 0,  0,  0, ..., -1, -1, -1],
       ...,
       [ 0,  0,  0, ..., -1, -1, -1],
       [ 0,  0,  0, ..., -1, -1, -1],
       [ 0,  0,  0, ..., -1, -1, -1]])), ('co2_price', array([[ 41.84      ,  43.0952    ,  44.388056  , ..., 134.2781266 ,
        138.3064704 , 142.45566451],
       [ 41.84      ,  43.0952    ,  44.388056  , ..., 134.2781266 ,
        138.3064704 , 142.45566451],
       [ 41.84      ,  43.0952    ,  44.388056  , ..., 134.2781266 ,
        138.3064704 , 142.45566451],
       ...,
       [ 41.84      ,  43.0952    ,  44.388056  , ..., 134.2781266 ,
        138.3064704 , 142.45566451],
       [ 41.84      ,  43.0952    ,  44.388056  , ..., 134.2781266 ,
        138.3064704 , 142.45566451],
       [ 41.84      ,  43.0952    ,  44.388056  , ..., 134.2781266 ,
        138.3064704 , 142.45566451]])), ('co2_tax', array([[2.17711930e+08, 2.24243287e+08, 2.30970586e+08, ...,
        6.98708175e+08, 7.19669420e+08, 7.41259503e+08],
       [2.17711930e+08, 2.24243287e+08, 2.30970586e+08, ...,
        6.52127630e+08, 6.71691459e+08, 6.91842203e+08],
       [2.17711930e+08, 2.24243287e+08, 2.30970586e+08, ...,
        6.52127630e+08, 6.71691459e+08, 6.91842203e+08],
       ...,
       [2.17711930e+08, 2.24243287e+08, 2.30970586e+08, ...,
        6.52127630e+08, 6.71691459e+08, 6.91842203e+08],
       [2.17711930e+08, 2.24243287e+08, 2.30970586e+08, ...,
        6.52127630e+08, 6.71691459e+08, 6.91842203e+08],
       [2.17711930e+08, 2.24243287e+08, 2.30970586e+08, ...,
        6.52127630e+08, 6.71691459e+08, 6.91842203e+08]])), ('co2_emissions', array([[5203440., 5203440., 5203440., ..., 4856544., 4856544., 4856544.],
       [5203440., 5203440., 5203440., ..., 4856544., 4856544., 4856544.],
       [5203440., 5203440., 5203440., ..., 4856544., 4856544., 4856544.],
       ...,
       [5203440., 5203440., 5203440., ..., 4856544., 4856544., 4856544.],
       [5203440., 5203440., 5203440., ..., 4856544., 4856544., 4856544.],
       [5203440., 5203440., 5203440., ..., 4856544., 4856544., 4856544.]])), ('cost_total', array([[6.82637680e+08, 6.89169037e+08, 6.95896336e+08, ...,
        1.09418055e+09, 1.11374438e+09, 1.13389513e+09],
       [6.82637680e+08, 6.89169037e+08, 6.95896336e+08, ...,
        1.16363393e+09, 1.18459517e+09, 1.20618525e+09],
       [6.82637680e+08, 6.89169037e+08, 6.95896336e+08, ...,
        1.09418055e+09, 1.11374438e+09, 1.13389513e+09],
       ...,
       [6.82637680e+08, 6.89169037e+08, 6.95896336e+08, ...,
        1.09418055e+09, 1.11374438e+09, 1.13389513e+09],
       [6.82637680e+08, 6.89169037e+08, 6.95896336e+08, ...,
        1.09418055e+09, 1.11374438e+09, 1.13389513e+09],
       [6.82637680e+08, 6.89169037e+08, 6.95896336e+08, ...,
        1.09418055e+09, 1.11374438e+09, 1.13389513e+09]])), ('cost_breakdown', array([[2.17711930e+08, 2.24243287e+08, 2.30893596e+08, 2.37344604e+08,
        2.44056548e+08, 2.50452823e+08, 2.57446488e+08, 2.64277356e+08,
        2.71562164e+08, 2.78951523e+08, 2.86442309e+08, 2.93930576e+08,
        3.02127683e+08, 3.10019217e+08, 3.18331867e+08, 2.61656672e+08,
        2.69133740e+08, 2.76536082e+08, 2.84239176e+08, 2.91850184e+08,
        2.99871737e+08, 3.08651898e+08, 3.16799099e+08, 3.25844781e+08,
        3.35620124e+08, 3.45688728e+08, 3.56059390e+08, 3.66741171e+08,
        3.77743407e+08, 3.89075709e+08, 4.00747980e+08, 4.12770419e+08,
        4.25153532e+08, 4.37908138e+08, 4.51045382e+08, 4.64576744e+08,
        4.78514046e+08, 4.92869467e+08, 5.07655551e+08, 5.22885218e+08,
        5.38571774e+08, 5.54728928e+08, 5.71370795e+08, 5.88511919e+08,
        6.06167277e+08, 6.24352295e+08, 6.43082864e+08, 6.62375350e+08,
        6.82246610e+08, 7.02714009e+08],
       [4.64925750e+08, 4.64925750e+08, 4.64770775e+08, 4.63840923e+08,
        4.63066047e+08, 4.61361319e+08, 4.60431468e+08, 4.58881715e+08,
        4.57796888e+08, 4.56557086e+08, 4.55162309e+08, 4.53457582e+08,
        4.52527730e+08, 4.50823002e+08, 4.49428225e+08, 4.48343398e+08,
        4.47723497e+08, 4.46638670e+08, 4.45708819e+08, 4.44314042e+08,
        4.43229215e+08, 4.42919264e+08, 4.41369512e+08, 4.40749611e+08,
        4.40749611e+08, 4.40749611e+08, 4.40749611e+08, 4.40749611e+08,
        4.40749611e+08, 4.40749611e+08, 4.40749611e+08, 4.40749611e+08,
        4.40749611e+08, 4.40749611e+08, 4.40749611e+08, 4.40749611e+08,
        4.40749611e+08, 4.40749611e+08, 4.40749611e+08, 4.40749611e+08,
        4.40749611e+08, 4.40749611e+08, 4.40749611e+08, 4.40749611e+08,
        4.40749611e+08, 4.40749611e+08, 4.40749611e+08, 4.40749611e+08,
        4.40749611e+08, 4.40749611e+08],
       [0.00000000e+00, 0.00000000e+00, 2.38000000e+05, 1.44558400e+06,
        1.31308800e+06, 2.82900800e+06, 1.83243200e+06, 2.88993600e+06,
        2.35177600e+06, 2.71286400e+06, 3.09153600e+06, 3.72579200e+06,
        2.72921600e+06, 4.02472000e+06, 3.74214400e+06, 3.42440000e+06,
        2.83348800e+06, 3.61782400e+06, 3.50291200e+06, 4.32241600e+06,
        4.00467200e+06, 2.93776000e+06, 4.87692800e+06, 3.62476800e+06,
        2.74310400e+06, 2.74310400e+06, 2.74310400e+06, 2.74310400e+06,
        2.74310400e+06, 2.74310400e+06, 2.74310400e+06, 2.74310400e+06,
        2.74310400e+06, 2.74310400e+06, 2.74310400e+06, 2.74310400e+06,
        2.74310400e+06, 2.74310400e+06, 2.74310400e+06, 2.74310400e+06,
        2.74310400e+06, 2.74310400e+06, 2.74310400e+06, 2.74310400e+06,
        2.74310400e+06, 2.74310400e+06, 2.74310400e+06, 2.74310400e+06,
        2.74310400e+06, 2.74310400e+06],
       [0.00000000e+00, 0.00000000e+00, 2.12108712e+06, 1.27495274e+07,
        1.07664682e+07, 2.36080142e+07, 1.32556299e+07, 2.18780063e+07,
        1.57447916e+07, 1.80269113e+07, 2.03320357e+07, 2.47812519e+07,
        1.44288675e+07, 2.51723311e+07, 2.11832081e+07, 1.71480758e+07,
        1.09458471e+07, 1.74011271e+07, 1.54410726e+07, 2.19423619e+07,
        1.79072296e+07, 7.46282662e+06, 2.44775329e+07, 1.19810568e+07,
        3.58872694e+06, 3.58872694e+06, 3.58872694e+06, 3.58872694e+06,
        3.58872694e+06, 3.58872694e+06, 3.58872694e+06, 3.58872694e+06,
        3.58872694e+06, 3.58872694e+06, 3.58872694e+06, 3.58872694e+06,
        3.58872694e+06, 3.58872694e+06, 3.58872694e+06, 3.58872694e+06,
        3.58872694e+06, 3.58872694e+06, 3.58872694e+06, 3.58872694e+06,
        3.58872694e+06, 3.58872694e+06, 3.58872694e+06, 3.58872694e+06,
        3.58872694e+06, 3.58872694e+06],
       [0.00000000e+00, 0.00000000e+00, 2.22923507e+06, 1.33754329e+07,
        1.11463325e+07, 2.45218552e+07, 1.33759268e+07, 2.22930018e+07,
        1.56055212e+07, 1.78349134e+07, 2.00643281e+07, 2.45230003e+07,
        1.33770720e+07, 2.45233820e+07, 2.00651589e+07, 1.56068908e+07,
        8.91934282e+06, 1.56071378e+07, 1.33780599e+07, 2.00658999e+07,
        1.56076318e+07, 4.46161367e+06, 2.22955391e+07, 8.92035324e+06,
        3.50279178e+03, 3.50279178e+03, 3.50279178e+03, 3.50279178e+03,
        3.50279178e+03, 3.50279178e+03, 3.50279178e+03, 3.50279178e+03,
        3.50279178e+03, 3.50279178e+03, 3.50279178e+03, 3.50279178e+03,
        3.50279178e+03, 3.50279178e+03, 3.50279178e+03, 3.50279178e+03,
        3.50279178e+03, 3.50279178e+03, 3.50279178e+03, 3.50279178e+03,
        3.50279178e+03, 3.50279178e+03, 3.50279178e+03, 3.50279178e+03,
        3.50279178e+03, 3.50279178e+03]])), ('cost_percent', array([[1.11201951e-02, 1.14538009e-02, 1.17777526e-02, 1.21067825e-02,
        1.24282664e-02, 1.27839259e-02, 1.31099053e-02, 1.34895260e-02,
        1.38613428e-02, 1.42239822e-02, 1.46108493e-02, 1.50081269e-02,
        1.54266613e-02, 1.58350265e-02, 1.62876502e-02, 1.33971234e-02,
        1.37562125e-02, 1.41247895e-02, 1.45081487e-02, 1.49121961e-02,
        1.53327845e-02, 1.57486387e-02, 1.61983713e-02, 1.66667661e-02,
        1.71667691e-02, 1.76817722e-02, 1.82122254e-02, 1.87585921e-02,
        1.93213499e-02, 1.99009904e-02, 2.04980201e-02, 2.11129607e-02,
        2.17463495e-02, 2.23987400e-02, 2.30707022e-02, 2.37628233e-02,
        2.44757080e-02, 2.52099792e-02, 2.59662786e-02, 2.67452669e-02,
        2.75476250e-02, 2.83740537e-02, 2.92252753e-02, 3.01020336e-02,
        3.10050946e-02, 3.19352474e-02, 3.28933048e-02, 3.38801040e-02,
        3.48965071e-02, 3.59434023e-02],
       [2.08011205e-02, 2.08011205e-02, 2.07664520e-02, 2.07248497e-02,
        2.06555126e-02, 2.06277778e-02, 2.05376396e-02, 2.05168385e-02,
        2.04683026e-02, 2.03920318e-02, 2.03365621e-02, 2.02810925e-02,
        2.02394902e-02, 2.01701532e-02, 2.01424183e-02, 2.01077498e-02,
        2.00453464e-02, 1.99829431e-02, 1.99274734e-02, 1.98858712e-02,
        1.98512027e-02, 1.97957330e-02, 1.97679982e-02, 1.97471970e-02,
        1.97471970e-02, 1.97471970e-02, 1.97471970e-02, 1.97471970e-02,
        1.97471970e-02, 1.97471970e-02, 1.97471970e-02, 1.97471970e-02,
        1.97471970e-02, 1.97471970e-02, 1.97471970e-02, 1.97471970e-02,
        1.97471970e-02, 1.97471970e-02, 1.97471970e-02, 1.97471970e-02,
        1.97471970e-02, 1.97471970e-02, 1.97471970e-02, 1.97471970e-02,
        1.97471970e-02, 1.97471970e-02, 1.97471970e-02, 1.97471970e-02,
        1.97471970e-02, 1.97471970e-02],
       [0.00000000e+00, 0.00000000e+00, 8.80920303e-03, 1.12218883e-02,
        1.90502643e-02, 9.78090994e-03, 2.61581511e-02, 1.02319411e-02,
        1.76698103e-02, 2.56283553e-02, 2.17746917e-02, 2.28160431e-02,
        2.03337133e-02, 2.81620893e-02, 1.88927350e-02, 2.11752513e-02,
        2.88734584e-02, 3.00449788e-02, 2.94546585e-02, 2.69723287e-02,
        2.59915017e-02, 3.19278682e-02, 2.59218572e-02, 2.46806923e-02,
        1.97856773e-02, 1.97856773e-02, 1.97856773e-02, 1.97856773e-02,
        1.97856773e-02, 1.97856773e-02, 1.97856773e-02, 1.97856773e-02,
        1.97856773e-02, 1.97856773e-02, 1.97856773e-02, 1.97856773e-02,
        1.97856773e-02, 1.97856773e-02, 1.97856773e-02, 1.97856773e-02,
        1.97856773e-02, 1.97856773e-02, 1.97856773e-02, 1.97856773e-02,
        1.97856773e-02, 1.97856773e-02, 1.97856773e-02, 1.97856773e-02,
        1.97856773e-02, 1.97856773e-02],
       [0.00000000e+00, 0.00000000e+00, 2.34734044e-02, 2.84226706e-02,
        4.75068965e-02, 1.98479819e-02, 6.23037781e-02, 1.60188912e-02,
        3.49503659e-02, 5.40855089e-02, 4.05615540e-02, 4.09688906e-02,
        3.19868654e-02, 5.10710913e-02, 2.34121767e-02, 2.83105258e-02,
        4.73438347e-02, 4.78020883e-02, 4.35656610e-02, 3.45836358e-02,
        3.01944573e-02, 4.45330853e-02, 2.61616983e-02, 2.16706857e-02,
        7.73939431e-03, 7.73939431e-03, 7.73939431e-03, 7.73939431e-03,
        7.73939431e-03, 7.73939431e-03, 7.73939431e-03, 7.73939431e-03,
        7.73939431e-03, 7.73939431e-03, 7.73939431e-03, 7.73939431e-03,
        7.73939431e-03, 7.73939431e-03, 7.73939431e-03, 7.73939431e-03,
        7.73939431e-03, 7.73939431e-03, 7.73939431e-03, 7.73939431e-03,
        7.73939431e-03, 7.73939431e-03, 7.73939431e-03, 7.73939431e-03,
        7.73939431e-03, 7.73939431e-03],
       [0.00000000e+00, 0.00000000e+00, 3.28824800e-02, 3.94593072e-02,
        6.57656887e-02, 2.63073751e-02, 8.54961041e-02, 1.97320052e-02,
        4.60381879e-02, 7.23446357e-02, 5.26158763e-02, 5.26164062e-02,
        3.94639441e-02, 6.57703256e-02, 2.63120120e-02, 3.28887730e-02,
        5.91950882e-02, 5.91956844e-02, 5.26197845e-02, 3.94673224e-02,
        3.28912239e-02, 5.26210431e-02, 2.63155890e-02, 1.97393580e-02,
        1.00686677e-05, 1.00686677e-05, 1.00686677e-05, 1.00686677e-05,
        1.00686677e-05, 1.00686677e-05, 1.00686677e-05, 1.00686677e-05,
        1.00686677e-05, 1.00686677e-05, 1.00686677e-05, 1.00686677e-05,
        1.00686677e-05, 1.00686677e-05, 1.00686677e-05, 1.00686677e-05,
        1.00686677e-05, 1.00686677e-05, 1.00686677e-05, 1.00686677e-05,
        1.00686677e-05, 1.00686677e-05, 1.00686677e-05, 1.00686677e-05,
        1.00686677e-05, 1.00686677e-05]]))])