OrderedDict([('tech_stage', array([[0, 0, 0, ..., 2, 2, 2],
       [0, 0, 0, ..., 2, 2, 2],
       [0, 0, 0, ..., 2, 2, 2],
       ...,
       [0, 1, 1, ..., 2, 2, 2],
       [0, 0, 0, ..., 2, 2, 2],
       [0, 0, 0, ..., 2, 2, 2]])), ('res_plants', array([[0, 0, 0, ..., 3, 3, 3],
       [0, 0, 0, ..., 2, 2, 2],
       [0, 0, 0, ..., 1, 1, 1],
       ...,
       [0, 0, 0, ..., 1, 1, 1],
       [0, 0, 0, ..., 3, 3, 3],
       [0, 0, 0, ..., 1, 1, 1]])), ('res_penetration', array([[0.        , 0.        , 0.        , ..., 0.2       , 0.2       ,
        0.2       ],
       [0.        , 0.        , 0.13333333, ..., 0.2       , 0.2       ,
        0.2       ],
       [0.        , 0.        , 0.        , ..., 0.13333333, 0.13333333,
        0.13333333],
       ...,
       [0.        , 0.        , 0.        , ..., 0.2       , 0.2       ,
        0.2       ],
       [0.        , 0.        , 0.        , ..., 0.2       , 0.2       ,
        0.2       ],
       [0.        , 0.        , 0.        , ..., 0.2       , 0.2       ,
        0.2       ]])), ('tax_level', array([[  0. ,   0. ,   0. , ..., -13.7, -13.7, -13.7],
       [  0. ,   0. ,   0. , ..., -13.7, -13.7, -13.7],
       [  0. ,   0. ,   0. , ..., -13.7, -13.7, -13.7],
       ...,
       [  0. ,   0. ,   0. , ..., -13.7, -13.7, -13.7],
       [  0. ,   0. ,   0. , ..., -13.7, -13.7, -13.7],
       [  0. ,   0. ,   0. , ..., -13.7, -13.7, -13.7]])), ('tax_adjustment', array([[ 0,  0,  0, ..., -1, -1, -1],
       [ 0,  0,  0, ..., -1, -1, -1],
       [ 0,  0,  0, ..., -1, -1, -1],
       ...,
       [ 0,  0,  0, ..., -1, -1, -1],
       [ 0,  0,  0, ..., -1, -1, -1],
       [ 0,  0,  0, ..., -1, -1, -1]])), ('co2_price', array([[ 68.52      ,  70.5756    ,  72.692868  , ..., 219.93208546,
        226.53004802, 233.32594946],
       [ 68.52      ,  70.5756    ,  72.692868  , ..., 219.93208546,
        226.53004802, 233.32594946],
       [ 68.52      ,  70.5756    ,  72.692868  , ..., 219.93208546,
        226.53004802, 233.32594946],
       ...,
       [ 68.52      ,  70.5756    ,  72.692868  , ..., 219.93208546,
        226.53004802, 233.32594946],
       [ 68.52      ,  70.5756    ,  72.692868  , ..., 219.93208546,
        226.53004802, 233.32594946],
       [ 68.52      ,  70.5756    ,  72.692868  , ..., 219.93208546,
        226.53004802, 233.32594946]])), ('co2_tax', array([[3.56539709e+08, 3.67235900e+08, 3.78252977e+08, ...,
        9.15522729e+08, 9.42988410e+08, 9.71278063e+08],
       [3.56539709e+08, 3.67235900e+08, 3.78252977e+08, ...,
        9.15522729e+08, 9.42988410e+08, 9.71278063e+08],
       [3.56539709e+08, 3.67235900e+08, 3.78252977e+08, ...,
        9.15522729e+08, 9.42988410e+08, 9.71278063e+08],
       ...,
       [3.56539709e+08, 3.67235900e+08, 3.78252977e+08, ...,
        9.15522729e+08, 9.42988410e+08, 9.71278063e+08],
       [3.56539709e+08, 3.67235900e+08, 3.78252977e+08, ...,
        9.15522729e+08, 9.42988410e+08, 9.71278063e+08],
       [3.56539709e+08, 3.67235900e+08, 3.78252977e+08, ...,
        9.15522729e+08, 9.42988410e+08, 9.71278063e+08]])), ('co2_emissions', array([[5203440., 5203440., 5203440., ..., 4162752., 4162752., 4162752.],
       [5203440., 5203440., 5203440., ..., 4162752., 4162752., 4162752.],
       [5203440., 5203440., 5203440., ..., 4162752., 4162752., 4162752.],
       ...,
       [5203440., 5203440., 5203440., ..., 4162752., 4162752., 4162752.],
       [5203440., 5203440., 5203440., ..., 4162752., 4162752., 4162752.],
       [5203440., 5203440., 5203440., ..., 4162752., 4162752., 4162752.]])), ('cost_total', array([[8.21465459e+08, 8.32161650e+08, 8.43178727e+08, ...,
        1.51016277e+09, 1.54220607e+09, 1.57521066e+09],
       [8.21465459e+08, 8.32161650e+08, 8.43178727e+08, ...,
        1.31425794e+09, 1.34172362e+09, 1.37001327e+09],
       [8.21465459e+08, 8.32161650e+08, 8.43178727e+08, ...,
        1.31425794e+09, 1.34172362e+09, 1.37001327e+09],
       ...,
       [8.21465459e+08, 8.32161650e+08, 8.43178727e+08, ...,
        1.31425794e+09, 1.34172362e+09, 1.37001327e+09],
       [8.21465459e+08, 8.32161650e+08, 8.43178727e+08, ...,
        1.31425794e+09, 1.34172362e+09, 1.37001327e+09],
       [8.21465459e+08, 8.32161650e+08, 8.43178727e+08, ...,
        1.60932916e+09, 1.64366126e+09, 1.67902333e+09]])), ('cost_breakdown', array([[3.56539709e+08, 3.67235900e+08, 3.77748640e+08, 3.88042164e+08,
        3.97008172e+08, 4.07540659e+08, 4.17212517e+08, 3.42171018e+08,
        3.50268052e+08, 3.58542954e+08, 3.66743539e+08, 3.74850232e+08,
        3.83926662e+08, 3.80782856e+08, 3.88323110e+08, 3.96417490e+08,
        4.05105788e+08, 4.13487129e+08, 4.23463626e+08, 4.33166382e+08,
        4.43070186e+08, 4.53709023e+08, 4.64587426e+08, 4.76273166e+08,
        4.81863465e+08, 4.94925772e+08, 5.08953315e+08, 5.23588286e+08,
        5.38643297e+08, 5.53906307e+08, 5.70061908e+08, 5.85975175e+08,
        6.03309580e+08, 6.21408868e+08, 6.40051134e+08, 6.59252668e+08,
        6.79030248e+08, 6.99401155e+08, 7.20383190e+08, 7.41994685e+08,
        7.64254526e+08, 7.87182162e+08, 8.10797627e+08, 8.35121555e+08,
        8.60175202e+08, 8.85980458e+08, 9.12559872e+08, 9.39936668e+08,
        9.68134768e+08, 9.97178811e+08],
       [4.64925750e+08, 4.64925750e+08, 4.64305849e+08, 4.63066047e+08,
        4.59966542e+08, 4.58416790e+08, 4.55627235e+08, 4.53457582e+08,
        4.50668027e+08, 4.47878472e+08, 4.44778968e+08, 4.41369512e+08,
        4.38889908e+08, 4.22617507e+08, 4.18433175e+08, 4.14713769e+08,
        4.11459289e+08, 4.07739883e+08, 4.05415254e+08, 4.02625700e+08,
        3.99836145e+08, 3.97511516e+08, 3.95186888e+08, 3.93327184e+08,
        3.86353298e+08, 3.85268472e+08, 3.84648570e+08, 3.84183645e+08,
        3.83718719e+08, 3.83098818e+08, 3.82788868e+08, 3.82013991e+08,
        3.81859016e+08, 3.81859016e+08, 3.81859016e+08, 3.81859016e+08,
        3.81859016e+08, 3.81859016e+08, 3.81859016e+08, 3.81859016e+08,
        3.81859016e+08, 3.81859016e+08, 3.81859016e+08, 3.81859016e+08,
        3.81859016e+08, 3.81859016e+08, 3.81859016e+08, 3.81859016e+08,
        3.81859016e+08, 3.81859016e+08],
       [0.00000000e+00, 0.00000000e+00, 9.52000000e+05, 1.97433600e+06,
        4.97100800e+06, 2.94268800e+06, 5.02252800e+06, 4.38704000e+06,
        5.58521600e+06, 5.90172800e+06, 6.69424000e+06, 7.52192000e+06,
        6.48076800e+06, 2.79441120e+07, 1.12264320e+07, 1.09872000e+07,
        1.06952160e+07, 1.17784800e+07, 1.00584960e+07, 1.10362560e+07,
        1.13527680e+07, 1.09552800e+07, 1.12190400e+07, 1.07688000e+07,
        2.25178080e+07, 1.08217760e+07, 1.02210400e+07, 9.92075200e+06,
        1.00864800e+07, 1.03674080e+07, 1.00894560e+07, 1.05782880e+07,
        9.70929600e+06, 9.48888000e+06, 9.47905600e+06, 9.46432000e+06,
        9.45940800e+06, 9.45940800e+06, 9.45940800e+06, 9.45449600e+06,
        9.44958400e+06, 9.44958400e+06, 9.44958400e+06, 9.44958400e+06,
        9.44467200e+06, 9.43976000e+06, 9.43976000e+06, 9.43976000e+06,
        9.43484800e+06, 9.43484800e+06],
       [0.00000000e+00, 0.00000000e+00, 9.19063183e+06, 1.84809424e+07,
        4.62521955e+07, 2.37740097e+07, 4.24044703e+07, 3.36623930e+07,
        4.32019005e+07, 4.36504550e+07, 4.86943254e+07, 5.37880351e+07,
        4.05503206e+07, 2.98994766e+08, 7.47172396e+07, 6.79660350e+07,
        6.11336885e+07, 6.91831627e+07, 4.73878537e+07, 5.52750442e+07,
        5.57618953e+07, 4.87672652e+07, 4.91729744e+07, 4.20972024e+07,
        1.34385559e+08, 3.12531435e+07, 2.40144702e+07, 2.13019021e+07,
        2.17242544e+07, 2.42751573e+07, 1.97720567e+07, 2.65570561e+07,
        1.67943146e+07, 1.43469205e+07, 1.43469205e+07, 1.43469205e+07,
        1.43469205e+07, 1.43469205e+07, 1.43469205e+07, 1.43469205e+07,
        1.43469205e+07, 1.43469205e+07, 1.43469205e+07, 1.43469205e+07,
        1.43469205e+07, 1.43469205e+07, 1.43469205e+07, 1.43469205e+07,
        1.43469205e+07, 1.43469205e+07],
       [0.00000000e+00, 0.00000000e+00, 9.65923491e+06, 1.93185671e+07,
        4.82964664e+07, 2.41488656e+07, 4.34675787e+07, 3.38087816e+07,
        4.34683570e+07, 4.34687948e+07, 4.82988501e+07, 5.31289540e+07,
        3.86406367e+07, 3.09843743e+08, 7.07736655e+07, 6.29114384e+07,
        5.50491322e+07, 6.29126264e+07, 3.93244405e+07, 4.71877764e+07,
        4.71882515e+07, 3.93257869e+07, 3.93261829e+07, 3.14636391e+07,
        1.06203948e+08, 1.78447956e+07, 1.00438281e+07, 7.81469404e+06,
        7.44362529e+06, 1.00440825e+07, 4.47227144e+06, 1.30157582e+07,
        2.61435957e+06, 1.40033711e+04, 1.40033711e+04, 1.40033711e+04,
        1.40033711e+04, 1.40033711e+04, 1.40033711e+04, 1.40033711e+04,
        1.40033711e+04, 1.40033711e+04, 1.40033711e+04, 1.40033711e+04,
        1.40033711e+04, 1.40033711e+04, 1.40033711e+04, 1.40033711e+04,
        1.40033711e+04, 1.40033711e+04]])), ('cost_percent', array([[1.27334699e-02, 1.31154740e-02, 1.35089382e-02, 1.38771018e-02,
        1.42456427e-02, 1.45549194e-02, 1.49206129e-02, 1.21367769e-02,
        1.24664663e-02, 1.27784290e-02, 1.30978898e-02, 1.34532214e-02,
        1.37987181e-02, 1.37040154e-02, 1.39918595e-02, 1.42687689e-02,
        1.45170042e-02, 1.48346454e-02, 1.51582798e-02, 1.55058449e-02,
        1.58606215e-02, 1.62227294e-02, 1.66313300e-02, 1.70699520e-02,
        1.72368984e-02, 1.77184547e-02, 1.82207146e-02, 1.87522497e-02,
        1.92837395e-02, 1.98222391e-02, 2.03921785e-02, 2.09784742e-02,
        2.15990839e-02, 2.22200357e-02, 2.28866367e-02, 2.35732358e-02,
        2.42804329e-02, 2.50088459e-02, 2.57591113e-02, 2.65318846e-02,
        2.73278412e-02, 2.81476764e-02, 2.89921067e-02, 2.98618699e-02,
        3.07577260e-02, 3.16804578e-02, 3.26308715e-02, 3.36097976e-02,
        3.46180916e-02, 3.56566343e-02],
       [2.28343520e-02, 2.28343520e-02, 2.28343520e-02, 2.27734604e-02,
        2.26973459e-02, 2.25146711e-02, 2.24081108e-02, 2.21188756e-02,
        2.20579840e-02, 2.19514237e-02, 2.18448634e-02, 2.17839718e-02,
        2.16926344e-02, 2.09162664e-02, 2.07335916e-02, 2.05280824e-02,
        2.02769046e-02, 2.01170641e-02, 1.99572236e-02, 1.98202175e-02,
        1.96832114e-02, 1.95462053e-02, 1.94548679e-02, 1.93863648e-02,
        1.90057923e-02, 1.89677351e-02, 1.89372893e-02, 1.89220664e-02,
        1.88916206e-02, 1.88535633e-02, 1.88307289e-02, 1.88078946e-02,
        1.88002831e-02, 1.87774488e-02, 1.87774488e-02, 1.87774488e-02,
        1.87774488e-02, 1.87774488e-02, 1.87774488e-02, 1.87774488e-02,
        1.87774488e-02, 1.87774488e-02, 1.87774488e-02, 1.87774488e-02,
        1.87774488e-02, 1.87774488e-02, 1.87774488e-02, 1.87774488e-02,
        1.87774488e-02, 1.87774488e-02],
       [0.00000000e+00, 0.00000000e+00, 0.00000000e+00, 4.22040980e-03,
        5.58732606e-03, 1.33628105e-02, 9.02273964e-03, 2.22296432e-02,
        7.88422203e-03, 1.13613432e-02, 1.19070173e-02, 9.28738416e-03,
        1.17094029e-02, 5.96567339e-02, 2.24833643e-02, 2.50014594e-02,
        2.92191384e-02, 2.41747556e-02, 2.49932669e-02, 2.42291244e-02,
        2.49307055e-02, 2.56322865e-02, 2.31685603e-02, 2.20536273e-02,
        5.35609725e-02, 2.25696877e-02, 2.27596416e-02, 2.15991353e-02,
        2.24273286e-02, 2.33394337e-02, 2.24683269e-02, 2.22912825e-02,
        2.13422222e-02, 2.24036376e-02, 2.09052502e-02, 2.08834743e-02,
        2.08508105e-02, 2.08508105e-02, 2.08399226e-02, 2.08181467e-02,
        2.08072587e-02, 2.07963708e-02, 2.07963708e-02, 2.07963708e-02,
        2.07963708e-02, 2.07963708e-02, 2.07963708e-02, 2.07963708e-02,
        2.07963708e-02, 2.07963708e-02],
       [0.00000000e+00, 0.00000000e+00, 0.00000000e+00, 1.00725212e-02,
        1.26998950e-02, 3.04633615e-02, 1.82004404e-02, 4.86091801e-02,
        1.13561320e-02, 1.90197664e-02, 1.92109425e-02, 1.18477277e-02,
        1.69932318e-02, 1.57562027e-01, 3.65324438e-02, 4.09878395e-02,
        4.95873834e-02, 3.36777492e-02, 3.39889966e-02, 3.02005597e-02,
        3.04673432e-02, 3.07341267e-02, 2.28015415e-02, 1.88797129e-02,
        8.12226237e-02, 1.41566927e-02, 1.32490451e-02, 1.04046976e-02,
        1.29563274e-02, 1.45582939e-02, 1.19180752e-02, 1.17727658e-02,
        9.10523620e-03, 1.18315851e-02, 7.80823349e-03, 7.80823349e-03,
        7.80823349e-03, 7.80823349e-03, 7.80823349e-03, 7.80823349e-03,
        7.80823349e-03, 7.80823349e-03, 7.80823349e-03, 7.80823349e-03,
        7.80823349e-03, 7.80823349e-03, 7.80823349e-03, 7.80823349e-03,
        7.80823349e-03, 7.80823349e-03],
       [0.00000000e+00, 0.00000000e+00, 0.00000000e+00, 1.39860272e-02,
        1.74826749e-02, 4.19583987e-02, 2.44762873e-02, 6.64346155e-02,
        1.39876825e-02, 2.44773438e-02, 2.44775903e-02, 1.39883164e-02,
        2.09814709e-02, 2.15938548e-01, 4.55451895e-02, 5.12381948e-02,
        6.26238041e-02, 3.98542483e-02, 3.98546497e-02, 3.41625044e-02,
        3.41628484e-02, 3.41631924e-02, 2.27784432e-02, 1.70861259e-02,
        8.49580070e-02, 9.42253115e-03, 7.00262208e-03, 3.50618570e-03,
        7.54012812e-03, 9.15410727e-03, 5.38899238e-03, 5.65774675e-03,
        1.89259663e-03, 5.65782260e-03, 1.00689809e-05, 1.00689809e-05,
        1.00689809e-05, 1.00689809e-05, 1.00689809e-05, 1.00689809e-05,
        1.00689809e-05, 1.00689809e-05, 1.00689809e-05, 1.00689809e-05,
        1.00689809e-05, 1.00689809e-05, 1.00689809e-05, 1.00689809e-05,
        1.00689809e-05, 1.00689809e-05]]))])