OrderedDict([('tech_stage', array([[0, 0, 0, ..., 2, 2, 2],
       [0, 0, 1, ..., 2, 2, 2],
       [0, 0, 0, ..., 2, 2, 2],
       ...,
       [0, 0, 0, ..., 1, 1, 1],
       [0, 0, 0, ..., 2, 2, 2],
       [0, 1, 1, ..., 2, 2, 2]])), ('res_plants', array([[0, 0, 0, ..., 1, 1, 1],
       [0, 0, 0, ..., 1, 1, 1],
       [0, 0, 0, ..., 0, 0, 0],
       ...,
       [0, 0, 0, ..., 1, 1, 1],
       [0, 0, 0, ..., 1, 1, 1],
       [0, 0, 0, ..., 1, 1, 1]])), ('res_penetration', array([[0.        , 0.        , 0.06666667, ..., 0.06666667, 0.06666667,
        0.06666667],
       [0.        , 0.        , 0.        , ..., 0.06666667, 0.06666667,
        0.06666667],
       [0.        , 0.        , 0.        , ..., 0.        , 0.        ,
        0.        ],
       ...,
       [0.        , 0.        , 0.        , ..., 0.06666667, 0.06666667,
        0.06666667],
       [0.        , 0.        , 0.        , ..., 0.06666667, 0.06666667,
        0.06666667],
       [0.        , 0.        , 0.        , ..., 0.06666667, 0.06666667,
        0.06666667]])), ('tax_level', array([[ 0.  ,  0.  ,  0.  , ..., -8.37, -8.37, -8.37],
       [ 0.  ,  0.  ,  0.  , ..., -8.37, -8.37, -8.37],
       [ 0.  ,  0.  ,  0.  , ..., -8.37, -8.37, -8.37],
       ...,
       [ 0.  ,  0.  ,  0.  , ..., -8.37, -8.37, -8.37],
       [ 0.  ,  0.  ,  0.  , ..., -8.37, -8.37, -8.37],
       [ 0.  ,  0.  ,  0.  , ..., -8.37, -8.37, -8.37]])), ('tax_adjustment', array([[ 0,  0,  0, ..., -1, -1, -1],
       [ 0,  0,  0, ..., -1, -1, -1],
       [ 0,  0,  0, ..., -1, -1, -1],
       ...,
       [ 0,  0,  0, ..., -1, -1, -1],
       [ 0,  0,  0, ..., -1, -1, -1],
       [ 0,  0,  0, ..., -1, -1, -1]])), ('co2_price', array([[ 41.84      ,  43.0952    ,  44.388056  , ..., 134.2781266 ,
        138.3064704 , 142.45566451],
       [ 41.84      ,  43.0952    ,  44.388056  , ..., 134.2781266 ,
        138.3064704 , 142.45566451],
       [ 41.84      ,  43.0952    ,  44.388056  , ..., 134.2781266 ,
        138.3064704 , 142.45566451],
       ...,
       [ 41.84      ,  43.0952    ,  44.388056  , ..., 134.2781266 ,
        138.3064704 , 142.45566451],
       [ 41.84      ,  43.0952    ,  44.388056  , ..., 134.2781266 ,
        138.3064704 , 142.45566451],
       [ 41.84      ,  43.0952    ,  44.388056  , ..., 134.2781266 ,
        138.3064704 , 142.45566451]])), ('co2_tax', array([[2.17711930e+08, 2.24243287e+08, 2.30970586e+08, ...,
        6.52127630e+08, 6.71691459e+08, 6.91842203e+08],
       [2.17711930e+08, 2.24243287e+08, 2.30970586e+08, ...,
        6.52127630e+08, 6.71691459e+08, 6.91842203e+08],
       [2.17711930e+08, 2.24243287e+08, 2.30970586e+08, ...,
        6.52127630e+08, 6.71691459e+08, 6.91842203e+08],
       ...,
       [2.17711930e+08, 2.24243287e+08, 2.30970586e+08, ...,
        6.52127630e+08, 6.71691459e+08, 6.91842203e+08],
       [2.17711930e+08, 2.24243287e+08, 2.30970586e+08, ...,
        6.52127630e+08, 6.71691459e+08, 6.91842203e+08],
       [2.17711930e+08, 2.24243287e+08, 2.30970586e+08, ...,
        6.52127630e+08, 6.71691459e+08, 6.91842203e+08]])), ('co2_emissions', array([[5203440., 5203440., 5203440., ..., 4856544., 4856544., 4856544.],
       [5203440., 5203440., 5203440., ..., 5203440., 5203440., 5203440.],
       [5203440., 5203440., 5203440., ..., 4856544., 4856544., 4856544.],
       ...,
       [5203440., 5203440., 5203440., ..., 4856544., 4856544., 4856544.],
       [5203440., 5203440., 5203440., ..., 4856544., 4856544., 4856544.],
       [5203440., 5203440., 5203440., ..., 4856544., 4856544., 4856544.]])), ('cost_total', array([[6.82637680e+08, 6.89169037e+08, 6.95896336e+08, ...,
        1.09418055e+09, 1.11374438e+09, 1.13389513e+09],
       [6.82637680e+08, 6.89169037e+08, 6.95896336e+08, ...,
        1.09418055e+09, 1.11374438e+09, 1.13389513e+09],
       [6.82637680e+08, 6.89169037e+08, 6.95896336e+08, ...,
        1.09418055e+09, 1.11374438e+09, 1.13389513e+09],
       ...,
       [6.82637680e+08, 6.89169037e+08, 6.95896336e+08, ...,
        1.09418055e+09, 1.11374438e+09, 1.13389513e+09],
       [6.82637680e+08, 6.89169037e+08, 6.95896336e+08, ...,
        1.09418055e+09, 1.11374438e+09, 1.13389513e+09],
       [6.82637680e+08, 6.89169037e+08, 6.95896336e+08, ...,
        1.09418055e+09, 1.11374438e+09, 1.13389513e+09]])), ('cost_breakdown', array([[2.17711930e+08, 2.24243287e+08, 2.30739616e+08, 2.36948105e+08,
        2.43648154e+08, 2.50368693e+08, 2.56926570e+08, 2.64009597e+08,
        2.70918652e+08, 2.22314678e+08, 2.28359971e+08, 2.34326821e+08,
        2.41025546e+08, 2.47659543e+08, 2.54299035e+08, 2.60571335e+08,
        2.68015842e+08, 2.75768459e+08, 2.83250862e+08, 2.91442998e+08,
        2.99452336e+08, 3.07679936e+08, 3.16687863e+08, 3.25271917e+08,
        3.35030075e+08, 3.45080977e+08, 3.55433406e+08, 3.66096408e+08,
        3.77079301e+08, 3.88391680e+08, 4.00043430e+08, 4.12044733e+08,
        4.24406075e+08, 4.37138257e+08, 4.50252405e+08, 4.63759977e+08,
        4.77672776e+08, 4.92002960e+08, 5.06763049e+08, 5.21965940e+08,
        5.37624918e+08, 5.53753666e+08, 5.70366276e+08, 5.87477264e+08,
        6.05101582e+08, 6.23254629e+08, 6.41952268e+08, 6.61210836e+08,
        6.81047161e+08, 7.01478576e+08],
       [4.64925750e+08, 4.64925750e+08, 4.64460824e+08, 4.63066047e+08,
        4.62291171e+08, 4.61206344e+08, 4.59501616e+08, 4.58416790e+08,
        4.56712062e+08, 4.54852359e+08, 4.53612557e+08, 4.51907829e+08,
        4.51287928e+08, 4.50203101e+08, 4.48808324e+08, 4.46483695e+08,
        4.45863794e+08, 4.45398868e+08, 4.44159066e+08, 4.43694141e+08,
        4.42609314e+08, 4.41524487e+08, 4.41214537e+08, 4.39974735e+08,
        4.39974735e+08, 4.39974735e+08, 4.39974735e+08, 4.39974735e+08,
        4.39974735e+08, 4.39974735e+08, 4.39974735e+08, 4.39974735e+08,
        4.39974735e+08, 4.39974735e+08, 4.39974735e+08, 4.39974735e+08,
        4.39974735e+08, 4.39974735e+08, 4.39974735e+08, 4.39974735e+08,
        4.39974735e+08, 4.39974735e+08, 4.39974735e+08, 4.39974735e+08,
        4.39974735e+08, 4.39974735e+08, 4.39974735e+08, 4.39974735e+08,
        4.39974735e+08, 4.39974735e+08],
       [0.00000000e+00, 0.00000000e+00, 7.14000000e+05, 2.19475200e+06,
        1.40100800e+06, 1.96492800e+06, 3.04001600e+06, 2.28144000e+06,
        3.35652800e+06, 3.78795200e+06, 3.04696000e+06, 3.90163200e+06,
        2.42905600e+06, 3.21339200e+06, 3.81248000e+06, 5.39873600e+06,
        3.04449600e+06, 2.87683200e+06, 4.11958400e+06, 3.07025600e+06,
        4.07500800e+06, 4.19809600e+06, 3.13118400e+06, 4.59435200e+06,
        2.83102400e+06, 2.83102400e+06, 2.83102400e+06, 2.83102400e+06,
        2.83102400e+06, 2.83102400e+06, 2.83102400e+06, 2.83102400e+06,
        2.83102400e+06, 2.83102400e+06, 2.83102400e+06, 2.83102400e+06,
        2.83102400e+06, 2.83102400e+06, 2.83102400e+06, 2.83102400e+06,
        2.83102400e+06, 2.83102400e+06, 2.83102400e+06, 2.83102400e+06,
        2.83102400e+06, 2.83102400e+06, 2.83102400e+06, 2.83102400e+06,
        2.83102400e+06, 2.83102400e+06],
       [0.00000000e+00, 0.00000000e+00, 6.36326136e+06, 1.91587981e+07,
        1.08814915e+07, 1.52386891e+07, 2.38840701e+07, 1.56527729e+07,
        2.42981540e+07, 2.66722924e+07, 1.84639998e+07, 2.50112985e+07,
        1.04167399e+07, 1.68720199e+07, 2.12752268e+07, 3.42087914e+07,
        1.12219030e+07, 9.19283452e+06, 1.98672841e+07, 9.44588578e+06,
        1.79992482e+07, 1.81602809e+07, 7.71587788e+06, 2.04884099e+07,
        3.70375023e+06, 3.70375023e+06, 3.70375023e+06, 3.70375023e+06,
        3.70375023e+06, 3.70375023e+06, 3.70375023e+06, 3.70375023e+06,
        3.70375023e+06, 3.70375023e+06, 3.70375023e+06, 3.70375023e+06,
        3.70375023e+06, 3.70375023e+06, 3.70375023e+06, 3.70375023e+06,
        3.70375023e+06, 3.70375023e+06, 3.70375023e+06, 3.70375023e+06,
        3.70375023e+06, 3.70375023e+06, 3.70375023e+06, 3.70375023e+06,
        3.70375023e+06, 3.70375023e+06],
       [0.00000000e+00, 0.00000000e+00, 6.68770520e+06, 2.00631830e+07,
        1.11464448e+07, 1.56050272e+07, 2.45221246e+07, 1.56054314e+07,
        2.45225288e+07, 2.67520109e+07, 1.78353400e+07, 2.45232249e+07,
        8.91882639e+06, 1.56066214e+07, 2.00652487e+07, 3.34408612e+07,
        8.91961227e+06, 6.69046702e+06, 1.78367097e+07, 6.69071401e+06,
        1.56077216e+07, 1.56078788e+07, 4.46186066e+06, 1.78373160e+07,
        3.61506074e+03, 3.61506074e+03, 3.61506074e+03, 3.61506074e+03,
        3.61506074e+03, 3.61506074e+03, 3.61506074e+03, 3.61506074e+03,
        3.61506074e+03, 3.61506074e+03, 3.61506074e+03, 3.61506074e+03,
        3.61506074e+03, 3.61506074e+03, 3.61506074e+03, 3.61506074e+03,
        3.61506074e+03, 3.61506074e+03, 3.61506074e+03, 3.61506074e+03,
        3.61506074e+03, 3.61506074e+03, 3.61506074e+03, 3.61506074e+03,
        3.61506074e+03, 3.61506074e+03]])), ('cost_percent', array([[1.13468534e-02, 1.16872590e-02, 1.20258389e-02, 1.23576830e-02,
        1.26943575e-02, 1.30532647e-02, 1.34222815e-02, 1.37923878e-02,
        1.41822030e-02, 1.16499070e-02, 1.19668744e-02, 1.22630576e-02,
        1.25921247e-02, 1.29254558e-02, 1.32766070e-02, 1.36371943e-02,
        1.40026127e-02, 1.43926855e-02, 1.47729564e-02, 1.51790067e-02,
        1.56070536e-02, 1.60527508e-02, 1.64937512e-02, 1.69646782e-02,
        1.74736186e-02, 1.79978271e-02, 1.85377619e-02, 1.90938948e-02,
        1.96667117e-02, 2.02567130e-02, 2.08644144e-02, 2.14903468e-02,
        2.21350572e-02, 2.27991089e-02, 2.34830822e-02, 2.41875747e-02,
        2.49132019e-02, 2.56605980e-02, 2.64304159e-02, 2.72233284e-02,
        2.80400282e-02, 2.88812291e-02, 2.97476660e-02, 3.06400959e-02,
        3.15592988e-02, 3.25060778e-02, 3.34812601e-02, 3.44856979e-02,
        3.55202689e-02, 3.65858769e-02],
       [2.08278371e-02, 2.08278371e-02, 2.08070093e-02, 2.07584110e-02,
        2.07028701e-02, 2.06681570e-02, 2.06334440e-02, 2.05848457e-02,
        2.05501326e-02, 2.04876491e-02, 2.04321082e-02, 2.03279690e-02,
        2.02654855e-02, 2.01960594e-02, 2.01405185e-02, 2.00849776e-02,
        2.00224941e-02, 1.99808384e-02, 1.99114123e-02, 1.98628140e-02,
        1.98281009e-02, 1.98003305e-02, 1.97517322e-02, 1.97239617e-02,
        1.97239617e-02, 1.97239617e-02, 1.97239617e-02, 1.97239617e-02,
        1.97239617e-02, 1.97239617e-02, 1.97239617e-02, 1.97239617e-02,
        1.97239617e-02, 1.97239617e-02, 1.97239617e-02, 1.97239617e-02,
        1.97239617e-02, 1.97239617e-02, 1.97239617e-02, 1.97239617e-02,
        1.97239617e-02, 1.97239617e-02, 1.97239617e-02, 1.97239617e-02,
        1.97239617e-02, 1.97239617e-02, 1.97239617e-02, 1.97239617e-02,
        1.97239617e-02, 1.97239617e-02],
       [0.00000000e+00, 0.00000000e+00, 5.10430395e-03, 1.22871605e-02,
        1.48685372e-02, 1.07698812e-02, 1.13984111e-02, 1.54298104e-02,
        1.29068831e-02, 2.03411517e-02, 1.97710710e-02, 3.26867615e-02,
        2.43637435e-02, 2.71965321e-02, 2.50507228e-02, 2.60563707e-02,
        2.87634533e-02, 2.47905034e-02, 3.23504779e-02, 2.85032339e-02,
        2.59803066e-02, 2.49074019e-02, 3.05145299e-02, 2.62901679e-02,
        1.99872533e-02, 1.99872533e-02, 1.99872533e-02, 1.99872533e-02,
        1.99872533e-02, 1.99872533e-02, 1.99872533e-02, 1.99872533e-02,
        1.99872533e-02, 1.99872533e-02, 1.99872533e-02, 1.99872533e-02,
        1.99872533e-02, 1.99872533e-02, 1.99872533e-02, 1.99872533e-02,
        1.99872533e-02, 1.99872533e-02, 1.99872533e-02, 1.99872533e-02,
        1.99872533e-02, 1.99872533e-02, 1.99872533e-02, 1.99872533e-02,
        1.99872533e-02, 1.99872533e-02],
       [0.00000000e+00, 0.00000000e+00, 1.35173156e-02, 3.16870077e-02,
        3.65348571e-02, 2.34084873e-02, 2.36528284e-02, 3.29087132e-02,
        2.42392470e-02, 4.25066756e-02, 3.84407177e-02, 7.03720665e-02,
        4.40704586e-02, 4.90160444e-02, 4.04931828e-02, 4.08841286e-02,
        4.57808462e-02, 3.27033446e-02, 5.10196414e-02, 3.79910079e-02,
        2.93215417e-02, 2.50601110e-02, 3.87728994e-02, 2.55976614e-02,
        7.77004677e-03, 7.77004677e-03, 7.77004677e-03, 7.77004677e-03,
        7.77004677e-03, 7.77004677e-03, 7.77004677e-03, 7.77004677e-03,
        7.77004677e-03, 7.77004677e-03, 7.77004677e-03, 7.77004677e-03,
        7.77004677e-03, 7.77004677e-03, 7.77004677e-03, 7.77004677e-03,
        7.77004677e-03, 7.77004677e-03, 7.77004677e-03, 7.77004677e-03,
        7.77004677e-03, 7.77004677e-03, 7.77004677e-03, 7.77004677e-03,
        7.77004677e-03, 7.77004677e-03],
       [0.00000000e+00, 0.00000000e+00, 1.88609910e-02, 4.40091690e-02,
        5.02966093e-02, 3.14361249e-02, 3.14364415e-02, 4.40107521e-02,
        3.14372014e-02, 5.65855060e-02, 5.02990790e-02, 9.43085646e-02,
        5.65875324e-02, 6.28750994e-02, 5.03017386e-02, 5.03022452e-02,
        5.65897488e-02, 3.77293277e-02, 6.28776957e-02, 4.40173380e-02,
        3.14437872e-02, 2.51571069e-02, 4.40183512e-02, 2.51578034e-02,
        1.00687193e-05, 1.00687193e-05, 1.00687193e-05, 1.00687193e-05,
        1.00687193e-05, 1.00687193e-05, 1.00687193e-05, 1.00687193e-05,
        1.00687193e-05, 1.00687193e-05, 1.00687193e-05, 1.00687193e-05,
        1.00687193e-05, 1.00687193e-05, 1.00687193e-05, 1.00687193e-05,
        1.00687193e-05, 1.00687193e-05, 1.00687193e-05, 1.00687193e-05,
        1.00687193e-05, 1.00687193e-05, 1.00687193e-05, 1.00687193e-05,
        1.00687193e-05, 1.00687193e-05]]))])