OrderedDict([('tech_stage', array([[0, 0, 0, ..., 2, 2, 2],
       [0, 0, 0, ..., 2, 2, 2],
       [0, 0, 0, ..., 2, 2, 2],
       ...,
       [0, 0, 0, ..., 2, 2, 2],
       [0, 0, 1, ..., 2, 2, 2],
       [0, 0, 0, ..., 2, 2, 2]])), ('res_plants', array([[0, 0, 0, ..., 3, 3, 3],
       [0, 0, 0, ..., 3, 3, 3],
       [0, 0, 0, ..., 3, 3, 3],
       ...,
       [0, 0, 0, ..., 3, 3, 3],
       [0, 0, 0, ..., 2, 2, 2],
       [0, 0, 0, ..., 3, 3, 3]])), ('res_penetration', array([[0. , 0. , 0. , ..., 0.2, 0.2, 0.2],
       [0. , 0. , 0. , ..., 0.2, 0.2, 0.2],
       [0. , 0. , 0. , ..., 0.2, 0.2, 0.2],
       ...,
       [0. , 0. , 0. , ..., 0.2, 0.2, 0.2],
       [0. , 0. , 0. , ..., 0.2, 0.2, 0.2],
       [0. , 0. , 0. , ..., 0.2, 0.2, 0.2]])), ('tax_level', array([[  0. ,   0. ,   0. , ..., -13.7, -13.7, -13.7],
       [  0. ,   0. ,   0. , ..., -13.7, -13.7, -13.7],
       [  0. ,   0. ,   0. , ..., -13.7, -13.7, -13.7],
       ...,
       [  0. ,   0. ,   0. , ..., -13.7, -13.7, -13.7],
       [  0. ,   0. ,   0. , ..., -13.7, -13.7, -13.7],
       [  0. ,   0. ,   0. , ..., -13.7, -13.7, -13.7]])), ('tax_adjustment', array([[ 0,  0,  0, ..., -1, -1, -1],
       [ 0,  0,  0, ..., -1, -1, -1],
       [ 0,  0,  0, ..., -1, -1, -1],
       ...,
       [ 0,  0,  0, ..., -1, -1, -1],
       [ 0,  0,  0, ..., -1, -1, -1],
       [ 0,  0,  0, ..., -1, -1, -1]])), ('co2_price', array([[ 68.52      ,  70.5756    ,  72.692868  , ..., 219.93208546,
        226.53004802, 233.32594946],
       [ 68.52      ,  70.5756    ,  72.692868  , ..., 219.93208546,
        226.53004802, 233.32594946],
       [ 68.52      ,  70.5756    ,  72.692868  , ..., 219.93208546,
        226.53004802, 233.32594946],
       ...,
       [ 68.52      ,  70.5756    ,  72.692868  , ..., 219.93208546,
        226.53004802, 233.32594946],
       [ 68.52      ,  70.5756    ,  72.692868  , ..., 219.93208546,
        226.53004802, 233.32594946],
       [ 68.52      ,  70.5756    ,  72.692868  , ..., 219.93208546,
        226.53004802, 233.32594946]])), ('co2_tax', array([[3.56539709e+08, 3.67235900e+08, 3.78252977e+08, ...,
        9.15522729e+08, 9.42988410e+08, 9.71278063e+08],
       [3.56539709e+08, 3.67235900e+08, 3.78252977e+08, ...,
        9.15522729e+08, 9.42988410e+08, 9.71278063e+08],
       [3.56539709e+08, 3.67235900e+08, 3.78252977e+08, ...,
        9.15522729e+08, 9.42988410e+08, 9.71278063e+08],
       ...,
       [3.56539709e+08, 3.67235900e+08, 3.78252977e+08, ...,
        9.15522729e+08, 9.42988410e+08, 9.71278063e+08],
       [3.56539709e+08, 3.67235900e+08, 3.78252977e+08, ...,
        9.15522729e+08, 9.42988410e+08, 9.71278063e+08],
       [3.56539709e+08, 3.67235900e+08, 3.78252977e+08, ...,
        1.06810985e+09, 1.10015315e+09, 1.13315774e+09]])), ('co2_emissions', array([[5203440., 5203440., 5203440., ..., 4162752., 4162752., 4162752.],
       [5203440., 5203440., 5203440., ..., 4856544., 4856544., 4856544.],
       [5203440., 5203440., 5203440., ..., 4509648., 4509648., 4509648.],
       ...,
       [5203440., 5203440., 5203440., ..., 4162752., 4162752., 4162752.],
       [5203440., 5203440., 5203440., ..., 4162752., 4162752., 4162752.],
       [5203440., 5203440., 5203440., ..., 4509648., 4509648., 4509648.]])), ('cost_total', array([[8.21465459e+08, 8.32161650e+08, 8.43178727e+08, ...,
        1.31425794e+09, 1.34172362e+09, 1.37001327e+09],
       [8.21465459e+08, 8.32161650e+08, 8.43178727e+08, ...,
        1.31425794e+09, 1.34172362e+09, 1.37001327e+09],
       [8.21465459e+08, 8.32161650e+08, 8.43178727e+08, ...,
        1.31425794e+09, 1.34172362e+09, 1.37001327e+09],
       ...,
       [8.21465459e+08, 8.32161650e+08, 8.43178727e+08, ...,
        1.31425794e+09, 1.34172362e+09, 1.37001327e+09],
       [8.21465459e+08, 8.32161650e+08, 8.43178727e+08, ...,
        1.31425794e+09, 1.34172362e+09, 1.37001327e+09],
       [8.21465459e+08, 8.32161650e+08, 8.43178727e+08, ...,
        1.31425794e+09, 1.34172362e+09, 1.37001327e+09]])), ('cost_breakdown', array([[3.56539709e+08, 3.67235900e+08, 3.78000808e+08, 3.88561632e+08,
        3.98345800e+08, 4.07265108e+08, 4.17780153e+08, 3.42171018e+08,
        3.50749852e+08, 3.59535461e+08, 3.68532532e+08, 3.77745845e+08,
        3.87722547e+08, 3.85390789e+08, 3.92637812e+08, 4.01306046e+08,
        4.11056495e+08, 4.20087836e+08, 4.27348613e+08, 4.37167919e+08,
        4.47706967e+08, 4.55831638e+08, 4.67866867e+08, 4.81339902e+08,
        4.85342623e+08, 4.98310221e+08, 5.12234239e+08, 5.26756428e+08,
        5.42124029e+08, 5.56819245e+08, 5.72600645e+08, 5.89303228e+08,
        6.05758077e+08, 6.22669843e+08, 6.41349939e+08, 6.60590437e+08,
        6.80408150e+08, 7.00820394e+08, 7.21845006e+08, 7.43500356e+08,
        7.65805367e+08, 7.88779528e+08, 8.12442914e+08, 8.36816201e+08,
        8.61920687e+08, 8.87778308e+08, 9.14411657e+08, 9.41844007e+08,
        9.70099327e+08, 9.99202307e+08],
       [4.64925750e+08, 4.64925750e+08, 4.64615800e+08, 4.63685948e+08,
        4.61516294e+08, 4.58106839e+08, 4.56247136e+08, 4.53457582e+08,
        4.51287928e+08, 4.49118274e+08, 4.46948621e+08, 4.44778968e+08,
        4.43229215e+08, 4.27731690e+08, 4.23082432e+08, 4.19827952e+08,
        4.17503324e+08, 4.14248843e+08, 4.09134660e+08, 4.06345106e+08,
        4.04020477e+08, 3.99371219e+08, 3.97976442e+08, 3.97511516e+08,
        3.89142853e+08, 3.87903051e+08, 3.87128174e+08, 3.86508274e+08,
        3.86198323e+08, 3.85113496e+08, 3.84493595e+08, 3.84183645e+08,
        3.83408768e+08, 3.82633892e+08, 3.82633892e+08, 3.82633892e+08,
        3.82633892e+08, 3.82633892e+08, 3.82633892e+08, 3.82633892e+08,
        3.82633892e+08, 3.82633892e+08, 3.82633892e+08, 3.82633892e+08,
        3.82633892e+08, 3.82633892e+08, 3.82633892e+08, 3.82633892e+08,
        3.82633892e+08, 3.82633892e+08],
       [0.00000000e+00, 0.00000000e+00, 4.76000000e+05, 1.46316800e+06,
        3.47267200e+06, 5.62284800e+06, 3.62969600e+06, 5.26870400e+06,
        4.63321600e+06, 4.87939200e+06, 5.12556800e+06, 5.37174400e+06,
        4.66592000e+06, 2.62617600e+07, 1.13601600e+07, 9.74568000e+06,
        8.68694400e+06, 1.03787040e+07, 1.36039680e+07, 1.06142400e+07,
        1.02167520e+07, 1.40505120e+07, 9.58003200e+06, 8.31028800e+06,
        2.56586400e+07, 1.07972960e+07, 1.02092320e+07, 9.92161600e+06,
        9.50612800e+06, 1.08246240e+07, 1.03516000e+07, 9.70033600e+06,
        1.04249440e+07, 1.04981280e+07, 9.39113600e+06, 9.38622400e+06,
        9.38622400e+06, 9.38622400e+06, 9.38622400e+06, 9.38131200e+06,
        9.37148800e+06, 9.37148800e+06, 9.37148800e+06, 9.37148800e+06,
        9.37148800e+06, 9.36166400e+06, 9.36166400e+06, 9.36166400e+06,
        9.36166400e+06, 9.36166400e+06],
       [0.00000000e+00, 0.00000000e+00, 4.59531591e+06, 1.38357871e+07,
        3.23665689e+07, 5.10967083e+07, 2.86683620e+07, 4.27533460e+07,
        3.40112687e+07, 3.43601444e+07, 3.47090201e+07, 3.50578958e+07,
        2.62161397e+07, 2.80335143e+08, 8.13061605e+07, 5.96731352e+07,
        4.52781657e+07, 6.06468374e+07, 9.11407554e+07, 5.46259094e+07,
        4.76312793e+07, 8.54443948e+07, 3.38854445e+07, 1.91659076e+07,
        1.59966724e+08, 3.31920098e+07, 2.59801711e+07, 2.32944377e+07,
        1.84533191e+07, 3.12199806e+07, 2.43231554e+07, 1.87906803e+07,
        2.62670361e+07, 2.60480681e+07, 1.41604094e+07, 1.41604094e+07,
        1.41604094e+07, 1.41604094e+07, 1.41604094e+07, 1.41604094e+07,
        1.41604094e+07, 1.41604094e+07, 1.41604094e+07, 1.41604094e+07,
        1.41604094e+07, 1.41604094e+07, 1.41604094e+07, 1.41604094e+07,
        1.41604094e+07, 1.41604094e+07],
       [0.00000000e+00, 0.00000000e+00, 4.82961746e+06, 1.44889010e+07,
        3.38075168e+07, 5.31263271e+07, 2.89787750e+07, 4.34679192e+07,
        3.38091221e+07, 3.38094626e+07, 3.38098031e+07, 3.38101437e+07,
        2.41512493e+07, 2.90965369e+08, 7.86357341e+07, 5.50477066e+07,
        3.93223814e+07, 5.50486570e+07, 8.65009707e+07, 4.71871428e+07,
        3.93246781e+07, 7.86397732e+07, 2.35999865e+07, 7.87434445e+06,
        1.25091116e+08, 2.04446555e+07, 1.26437141e+07, 1.04146063e+07,
        5.21394626e+06, 1.78447633e+07, 9.67264838e+06, 5.21427554e+06,
        1.30154751e+07, 1.26444587e+07, 1.38213262e+04, 1.38213262e+04,
        1.38213262e+04, 1.38213262e+04, 1.38213262e+04, 1.38213262e+04,
        1.38213262e+04, 1.38213262e+04, 1.38213262e+04, 1.38213262e+04,
        1.38213262e+04, 1.38213262e+04, 1.38213262e+04, 1.38213262e+04,
        1.38213262e+04, 1.38213262e+04]])), ('cost_percent', array([[1.27427639e-02, 1.31250469e-02, 1.34827481e-02, 1.38408160e-02,
        1.41604266e-02, 1.44867570e-02, 1.47894918e-02, 1.20871224e-02,
        1.23636384e-02, 1.26458668e-02, 1.29887064e-02, 1.33313269e-02,
        1.36246725e-02, 1.35044149e-02, 1.37553395e-02, 1.40726993e-02,
        1.43803609e-02, 1.46938168e-02, 1.50478501e-02, 1.54456549e-02,
        1.57801320e-02, 1.61587078e-02, 1.66043999e-02, 1.70220494e-02,
        1.72771118e-02, 1.77669639e-02, 1.82560001e-02, 1.87659369e-02,
        1.93211399e-02, 1.98687406e-02, 2.04318084e-02, 2.10447627e-02,
        2.16673546e-02, 2.23083618e-02, 2.29776126e-02, 2.36669410e-02,
        2.43769492e-02, 2.51082577e-02, 2.58615054e-02, 2.66373506e-02,
        2.74364711e-02, 2.82595652e-02, 2.91073522e-02, 2.99805728e-02,
        3.08799899e-02, 3.18063896e-02, 3.27605813e-02, 3.37433988e-02,
        3.47557007e-02, 3.57983718e-02],
       [2.28925500e-02, 2.28925500e-02, 2.28315032e-02, 2.27551947e-02,
        2.26025777e-02, 2.24499607e-02, 2.22515586e-02, 2.20684182e-02,
        2.19158012e-02, 2.17631842e-02, 2.17021374e-02, 2.16258289e-02,
        2.14579502e-02, 2.06490801e-02, 2.04201546e-02, 2.02827993e-02,
        2.01225515e-02, 1.99623036e-02, 1.98478409e-02, 1.97791632e-02,
        1.96189154e-02, 1.95044526e-02, 1.94586675e-02, 1.93670973e-02,
        1.90847559e-02, 1.90542325e-02, 1.90084474e-02, 1.89702931e-02,
        1.89626623e-02, 1.89321389e-02, 1.89016155e-02, 1.89016155e-02,
        1.88939846e-02, 1.88863538e-02, 1.88863538e-02, 1.88863538e-02,
        1.88863538e-02, 1.88863538e-02, 1.88863538e-02, 1.88863538e-02,
        1.88863538e-02, 1.88863538e-02, 1.88863538e-02, 1.88863538e-02,
        1.88863538e-02, 1.88863538e-02, 1.88863538e-02, 1.88863538e-02,
        1.88863538e-02, 1.88863538e-02],
       [0.00000000e+00, 0.00000000e+00, 4.18995067e-03, 5.54700176e-03,
        1.11713944e-02, 1.19453029e-02, 1.58616744e-02, 1.58202679e-02,
        1.46539828e-02, 1.54278913e-02, 9.91687384e-03, 1.12739249e-02,
        1.79458052e-02, 6.27915867e-02, 2.70887705e-02, 2.19647073e-02,
        2.42324565e-02, 2.50450605e-02, 2.27152014e-02, 2.01531698e-02,
        2.67863547e-02, 2.44564956e-02, 2.03232325e-02, 2.36978681e-02,
        4.48223670e-02, 2.16634182e-02, 2.36439621e-02, 2.30821566e-02,
        2.06509993e-02, 2.24987324e-02, 2.23508518e-02, 2.04106581e-02,
        2.09235926e-02, 2.09514786e-02, 2.04231928e-02, 2.03907647e-02,
        2.03907647e-02, 2.03907647e-02, 2.03907647e-02, 2.03799553e-02,
        2.03799553e-02, 2.03799553e-02, 2.03799553e-02, 2.03799553e-02,
        2.03691459e-02, 2.03475272e-02, 2.03475272e-02, 2.03475272e-02,
        2.03475272e-02, 2.03475272e-02],
       [0.00000000e+00, 0.00000000e+00, 1.01416457e-02, 1.27870503e-02,
        2.56015989e-02, 2.58765818e-02, 3.37577990e-02, 3.15798654e-02,
        2.68390221e-02, 2.71140050e-02, 1.21765194e-02, 1.48219240e-02,
        3.01718840e-02, 1.68782443e-01, 4.56655593e-02, 2.96019733e-02,
        3.39984068e-02, 3.43117902e-02, 2.63695353e-02, 1.83377424e-02,
        3.49833261e-02, 2.70410712e-02, 1.48814591e-02, 2.32266355e-02,
        6.27825363e-02, 1.28446401e-02, 1.61999483e-02, 1.47287059e-02,
        8.96078052e-03, 1.32595767e-02, 1.31280758e-02, 7.72679243e-03,
        9.09191902e-03, 9.10672476e-03, 7.75640392e-03, 7.75640392e-03,
        7.75640392e-03, 7.75640392e-03, 7.75640392e-03, 7.75640392e-03,
        7.75640392e-03, 7.75640392e-03, 7.75640392e-03, 7.75640392e-03,
        7.75640392e-03, 7.75640392e-03, 7.75640392e-03, 7.75640392e-03,
        7.75640392e-03, 7.75640392e-03],
       [0.00000000e+00, 0.00000000e+00, 1.41759464e-02, 1.77200758e-02,
        3.54401874e-02, 3.54405443e-02, 4.60728611e-02, 4.25293386e-02,
        3.54417937e-02, 3.54421507e-02, 1.41785880e-02, 1.77227174e-02,
        3.89868155e-02, 2.32313613e-01, 5.77041646e-02, 3.46253581e-02,
        4.03955537e-02, 4.03959605e-02, 2.88566735e-02, 1.73172702e-02,
        4.03968323e-02, 2.88575453e-02, 1.15482951e-02, 2.30881051e-02,
        6.31214182e-02, 7.64225669e-03, 1.06416223e-02, 9.00591057e-03,
        1.91802796e-03, 7.37020156e-03, 7.64262463e-03, 1.00304270e-05,
        1.91819820e-03, 1.91821742e-03, 1.00688668e-05, 1.00688668e-05,
        1.00688668e-05, 1.00688668e-05, 1.00688668e-05, 1.00688668e-05,
        1.00688668e-05, 1.00688668e-05, 1.00688668e-05, 1.00688668e-05,
        1.00688668e-05, 1.00688668e-05, 1.00688668e-05, 1.00688668e-05,
        1.00688668e-05, 1.00688668e-05]]))])