OrderedDict([('tech_stage', array([[0, 0, 0, ..., 2, 2, 2],
       [0, 0, 0, ..., 2, 2, 2],
       [0, 0, 0, ..., 2, 2, 2],
       ...,
       [0, 0, 0, ..., 2, 2, 2],
       [0, 1, 2, ..., 2, 2, 2],
       [0, 0, 0, ..., 2, 2, 2]])), ('res_plants', array([[0, 0, 0, ..., 4, 4, 4],
       [0, 0, 0, ..., 4, 4, 4],
       [0, 0, 0, ..., 4, 4, 4],
       ...,
       [0, 0, 0, ..., 4, 4, 4],
       [0, 0, 0, ..., 4, 4, 4],
       [0, 0, 0, ..., 4, 4, 4]])), ('res_penetration', array([[0.        , 0.        , 0.        , ..., 0.26666667, 0.26666667,
        0.26666667],
       [0.        , 0.        , 0.        , ..., 0.26666667, 0.26666667,
        0.26666667],
       [0.        , 0.        , 0.        , ..., 0.26666667, 0.26666667,
        0.26666667],
       ...,
       [0.        , 0.        , 0.        , ..., 0.13333333, 0.13333333,
        0.13333333],
       [0.        , 0.        , 0.        , ..., 0.2       , 0.2       ,
        0.2       ],
       [0.        , 0.        , 0.        , ..., 0.26666667, 0.26666667,
        0.26666667]])), ('tax_level', array([[  0.  ,   0.  ,   0.  , ..., -19.82, -19.82, -19.82],
       [  0.  ,   0.  ,   0.  , ..., -19.82, -19.82, -19.82],
       [  0.  ,   0.  ,   0.  , ..., -19.82, -19.82, -19.82],
       ...,
       [  0.  ,   0.  ,   0.  , ..., -19.82, -19.82, -19.82],
       [  0.  ,   0.  ,   0.  , ..., -19.82, -19.82, -19.82],
       [  0.  ,   0.  ,   0.  , ..., -19.82, -19.82, -19.82]])), ('tax_adjustment', array([[ 0,  0,  0, ..., -1, -1, -1],
       [ 0,  0,  0, ..., -1, -1, -1],
       [ 0,  0,  0, ..., -1, -1, -1],
       ...,
       [ 0,  0,  0, ..., -1, -1, -1],
       [ 0,  0,  0, ..., -1, -1, -1],
       [ 0,  0,  0, ..., -1, -1, -1]])), ('co2_price', array([[ 99.11      , 102.0833    , 105.145799  , ..., 318.1031568 ,
        327.64625151, 337.47563905],
       [ 99.11      , 102.0833    , 105.145799  , ..., 318.1031568 ,
        327.64625151, 337.47563905],
       [ 99.11      , 102.0833    , 105.145799  , ..., 318.1031568 ,
        327.64625151, 337.47563905],
       ...,
       [ 99.11      , 102.0833    , 105.145799  , ..., 318.1031568 ,
        327.64625151, 337.47563905],
       [ 99.11      , 102.0833    , 105.145799  , ..., 318.1031568 ,
        327.64625151, 337.47563905],
       [ 99.11      , 102.0833    , 105.145799  , ..., 318.1031568 ,
        327.64625151, 337.47563905]])), ('co2_tax', array([[5.15712938e+08, 5.31184327e+08, 5.47119856e+08, ...,
        1.21383584e+09, 1.25025091e+09, 1.28775844e+09],
       [5.15712938e+08, 5.31184327e+08, 5.47119856e+08, ...,
        1.21383584e+09, 1.25025091e+09, 1.28775844e+09],
       [5.15712938e+08, 5.31184327e+08, 5.47119856e+08, ...,
        1.21383584e+09, 1.25025091e+09, 1.28775844e+09],
       ...,
       [5.15712938e+08, 5.31184327e+08, 5.47119856e+08, ...,
        1.21383584e+09, 1.25025091e+09, 1.28775844e+09],
       [5.15712938e+08, 5.31184327e+08, 5.47119856e+08, ...,
        1.21383584e+09, 1.25025091e+09, 1.28775844e+09],
       [5.15712938e+08, 5.31184327e+08, 5.47119856e+08, ...,
        1.21383584e+09, 1.25025091e+09, 1.28775844e+09]])), ('co2_emissions', array([[5203440., 5203440., 5203440., ..., 3815856., 3815856., 3815856.],
       [5203440., 5203440., 5203440., ..., 3815856., 3815856., 3815856.],
       [5203440., 5203440., 5203440., ..., 3815856., 3815856., 3815856.],
       ...,
       [5203440., 5203440., 5203440., ..., 3815856., 3815856., 3815856.],
       [5203440., 5203440., 5203440., ..., 3815856., 3815856., 3815856.],
       [5203440., 5203440., 5203440., ..., 3815856., 3815856., 3815856.]])), ('cost_total', array([[9.80638688e+08, 9.96110077e+08, 1.01204561e+09, ...,
        1.59240273e+09, 1.62881781e+09, 1.66632534e+09],
       [9.80638688e+08, 9.96110077e+08, 1.01204561e+09, ...,
        1.59240273e+09, 1.62881781e+09, 1.66632534e+09],
       [9.80638688e+08, 9.96110077e+08, 1.01204561e+09, ...,
        1.59240273e+09, 1.62881781e+09, 1.66632534e+09],
       ...,
       [9.80638688e+08, 9.96110077e+08, 1.01204561e+09, ...,
        1.59240273e+09, 1.62881781e+09, 1.66632534e+09],
       [9.80638688e+08, 9.96110077e+08, 1.01204561e+09, ...,
        1.59240273e+09, 1.62881781e+09, 1.66632534e+09],
       [9.80638688e+08, 9.96110077e+08, 1.01204561e+09, ...,
        1.59240273e+09, 1.62881781e+09, 1.66632534e+09]])), ('cost_breakdown', array([[5.15712938e+08, 5.31184327e+08, 5.46025617e+08, 5.58273806e+08,
        5.55867519e+08, 5.65767881e+08, 5.80277765e+08, 4.73932420e+08,
        4.84840308e+08, 4.95078923e+08, 4.95514965e+08, 5.03336746e+08,
        5.06868098e+08, 5.16419180e+08, 5.26503188e+08, 5.37798772e+08,
        5.49960309e+08, 5.61685587e+08, 5.70107461e+08, 5.69124113e+08,
        5.83217170e+08, 5.97131917e+08, 6.13464779e+08, 6.28611667e+08,
        6.44674378e+08, 6.62286905e+08, 6.80375976e+08, 6.98343359e+08,
        7.17405750e+08, 7.36983375e+08, 7.58425248e+08, 7.81178006e+08,
        8.01071914e+08, 8.25104071e+08, 8.47978641e+08, 8.72257055e+08,
        8.98424766e+08, 9.25377509e+08, 9.53138835e+08, 9.81733000e+08,
        1.01118499e+09, 1.04152054e+09, 1.07276616e+09, 1.10494914e+09,
        1.13809761e+09, 1.17224054e+09, 1.20740776e+09, 1.24362999e+09,
        1.28093889e+09, 1.31936706e+09],
       [4.64925750e+08, 4.64925750e+08, 4.63995898e+08, 4.60586443e+08,
        4.45243893e+08, 4.39974735e+08, 4.38115032e+08, 4.34240650e+08,
        4.31296121e+08, 4.27576715e+08, 4.15488645e+08, 4.09754561e+08,
        4.00611021e+08, 3.96271714e+08, 3.92242358e+08, 3.88987878e+08,
        3.86198323e+08, 3.82943843e+08, 3.77364734e+08, 3.65741590e+08,
        3.63881887e+08, 3.61712234e+08, 3.60782382e+08, 3.58922679e+08,
        3.57372926e+08, 3.56443075e+08, 3.55513224e+08, 3.54273422e+08,
        3.53343570e+08, 3.52413718e+08, 3.52103768e+08, 3.52103768e+08,
        3.50554016e+08, 3.50554016e+08, 3.49779139e+08, 3.49314214e+08,
        3.49314214e+08, 3.49314214e+08, 3.49314214e+08, 3.49314214e+08,
        3.49314214e+08, 3.49314214e+08, 3.49314214e+08, 3.49314214e+08,
        3.49314214e+08, 3.49314214e+08, 3.49314214e+08, 3.49314214e+08,
        3.49314214e+08, 3.49314214e+08],
       [0.00000000e+00, 0.00000000e+00, 1.42800000e+06, 5.34150400e+06,
        3.17907520e+07, 1.18233280e+07, 5.97683200e+06, 9.22780800e+06,
        8.20011200e+06, 9.69473600e+06, 2.29540160e+07, 1.45528320e+07,
        2.47177920e+07, 1.54496960e+07, 1.52400960e+07, 1.42764160e+07,
        1.35681920e+07, 1.42106560e+07, 1.88376000e+07, 3.38954880e+07,
        1.47581440e+07, 1.53960320e+07, 1.37283840e+07, 1.57334400e+07,
        1.47120000e+07, 1.39063680e+07, 1.39824000e+07, 1.47800320e+07,
        1.44348800e+07, 1.45305600e+07, 1.34384640e+07, 1.29976320e+07,
        1.55839360e+07, 1.31440000e+07, 1.48153760e+07, 1.39262720e+07,
        1.32650240e+07, 1.32453760e+07, 1.32257280e+07, 1.32060800e+07,
        1.31864320e+07, 1.31864320e+07, 1.31766080e+07, 1.31766080e+07,
        1.31766080e+07, 1.31766080e+07, 1.31766080e+07, 1.31766080e+07,
        1.31766080e+07, 1.31766080e+07],
       [0.00000000e+00, 0.00000000e+00, 1.49629625e+07, 6.11364890e+07,
        2.75869939e+08, 1.01309195e+08, 3.64814090e+07, 7.11136841e+07,
        5.57531526e+07, 6.80230475e+07, 2.44142088e+08, 1.11302775e+08,
        1.76307425e+08, 9.23518965e+07, 8.75176966e+07, 7.39104077e+07,
        6.60734610e+07, 7.56216597e+07, 1.19361919e+08, 2.51561763e+08,
        5.57767279e+07, 6.24185007e+07, 3.78638355e+07, 5.65041688e+07,
        5.10598232e+07, 3.88932039e+07, 3.90966534e+07, 4.54011080e+07,
        3.94015459e+07, 3.95870183e+07, 2.74186348e+07, 2.12336004e+07,
        5.23460090e+07, 2.15547058e+07, 3.66428811e+07, 3.03441830e+07,
        2.17795944e+07, 2.17795944e+07, 2.17795944e+07, 2.17795944e+07,
        2.17795944e+07, 2.17795944e+07, 2.17795944e+07, 2.17795944e+07,
        2.17795944e+07, 2.17795944e+07, 2.17795944e+07, 2.17795944e+07,
        2.17795944e+07, 2.17795944e+07],
       [0.00000000e+00, 0.00000000e+00, 1.57258796e+07, 6.40832577e+07,
        2.43054157e+08, 9.56719838e+07, 3.38064441e+07, 6.98382482e+07,
        5.29378373e+07, 6.52597804e+07, 2.49651541e+08, 1.07334086e+08,
        1.48925311e+08, 7.73361819e+07, 7.28784906e+07, 5.92487068e+07,
        5.25615982e+07, 6.42185176e+07, 1.05110718e+08, 2.06640378e+08,
        3.77059143e+07, 4.42779592e+07, 1.79917440e+07, 3.42228252e+07,
        3.28776478e+07, 1.97346483e+07, 1.97348468e+07, 2.45646629e+07,
        1.79932448e+07, 1.79934259e+07, 6.59232420e+06, 2.07251435e+04,
        3.11370036e+07, 2.10385598e+04, 1.27135958e+07, 9.12113349e+06,
        2.12580633e+04, 2.12580633e+04, 2.12580633e+04, 2.12580633e+04,
        2.12580633e+04, 2.12580633e+04, 2.12580633e+04, 2.12580633e+04,
        2.12580633e+04, 2.12580633e+04, 2.12580633e+04, 2.12580633e+04,
        2.12580633e+04, 2.12580633e+04]])), ('cost_percent', array([[1.38786669e-02, 1.42950270e-02, 1.46944300e-02, 1.50240485e-02,
        1.49697052e-02, 1.51452803e-02, 1.55002076e-02, 1.27542858e-02,
        1.30103274e-02, 1.33040561e-02, 1.34246377e-02, 1.36634360e-02,
        1.36459149e-02, 1.38433216e-02, 1.41130679e-02, 1.44557339e-02,
        1.47884407e-02, 1.50302228e-02, 1.52479989e-02, 1.52511493e-02,
        1.56151001e-02, 1.59596216e-02, 1.63958605e-02, 1.68000837e-02,
        1.71987570e-02, 1.76682244e-02, 1.81663443e-02, 1.86620077e-02,
        1.91710613e-02, 1.97287495e-02, 2.02667111e-02, 2.07636768e-02,
        2.13294037e-02, 2.19103869e-02, 2.25575875e-02, 2.32343151e-02,
        2.39098911e-02, 2.46271879e-02, 2.53660035e-02, 2.61269836e-02,
        2.69107931e-02, 2.77181169e-02, 2.85496604e-02, 2.94061502e-02,
        3.02883347e-02, 3.11969848e-02, 3.21328943e-02, 3.30968811e-02,
        3.40897876e-02, 3.51124812e-02],
       [2.46732846e-02, 2.46732846e-02, 2.46239380e-02, 2.44430006e-02,
        2.36452311e-02, 2.32257852e-02, 2.30777455e-02, 2.30448478e-02,
        2.28227882e-02, 2.26582997e-02, 2.21977317e-02, 2.19345500e-02,
        2.12683713e-02, 2.09476186e-02, 2.07337835e-02, 2.06186415e-02,
        2.04788262e-02, 2.02074201e-02, 1.99031162e-02, 1.93274063e-02,
        1.92122643e-02, 1.90642246e-02, 1.90148780e-02, 1.89161849e-02,
        1.88010429e-02, 1.87516963e-02, 1.87187986e-02, 1.86694520e-02,
        1.86201054e-02, 1.86036566e-02, 1.85543100e-02, 1.84556169e-02,
        1.84062703e-02, 1.83569237e-02, 1.83486993e-02, 1.83486993e-02,
        1.83322505e-02, 1.83322505e-02, 1.83322505e-02, 1.83322505e-02,
        1.83322505e-02, 1.83322505e-02, 1.83322505e-02, 1.83322505e-02,
        1.83322505e-02, 1.83322505e-02, 1.83322505e-02, 1.83322505e-02,
        1.83322505e-02, 1.83322505e-02],
       [0.00000000e+00, 0.00000000e+00, 2.02310992e-03, 7.56754184e-03,
        4.68006415e-02, 2.33724166e-02, 1.09479375e-02, 6.66184596e-03,
        1.44749945e-02, 1.27594879e-02, 2.53546336e-02, 1.86294309e-02,
        4.37219329e-02, 2.45006885e-02, 2.08800812e-02, 1.74676557e-02,
        1.93359893e-02, 2.42428185e-02, 2.70330101e-02, 4.84765699e-02,
        2.15536351e-02, 2.31258805e-02, 1.94863228e-02, 2.15753963e-02,
        2.35368948e-02, 2.05061968e-02, 1.99812990e-02, 2.03795286e-02,
        2.04872465e-02, 1.92740606e-02, 2.09927406e-02, 2.31096503e-02,
        2.10096962e-02, 2.14514482e-02, 1.95670431e-02, 1.92547702e-02,
        2.02770924e-02, 1.92906761e-02, 1.92906761e-02, 1.92628399e-02,
        1.92489219e-02, 1.92489219e-02, 1.92350038e-02, 1.92350038e-02,
        1.92350038e-02, 1.92350038e-02, 1.92350038e-02, 1.92210857e-02,
        1.92210857e-02, 1.92210857e-02],
       [0.00000000e+00, 0.00000000e+00, 4.90859990e-03, 2.00558254e-02,
        8.91975665e-02, 4.92564914e-02, 1.73563585e-02, 5.21866441e-03,
        2.45622172e-02, 1.88384870e-02, 5.95983697e-02, 3.20383687e-02,
        7.82613790e-02, 4.09404340e-02, 2.89601899e-02, 1.77720118e-02,
        2.06827487e-02, 3.62660428e-02, 4.03028527e-02, 7.86718728e-02,
        2.04744682e-02, 2.47326942e-02, 1.26254324e-02, 1.88459173e-02,
        2.08812092e-02, 1.29138825e-02, 1.09234789e-02, 1.30631368e-02,
        1.31298784e-02, 9.09412446e-03, 1.31690541e-02, 1.93836416e-02,
        1.34072972e-02, 1.31089565e-02, 8.32452701e-03, 7.38798924e-03,
        9.38942395e-03, 7.40433905e-03, 7.40433905e-03, 7.40433905e-03,
        7.40433905e-03, 7.40433905e-03, 7.40433905e-03, 7.40433905e-03,
        7.40433905e-03, 7.40433905e-03, 7.40433905e-03, 7.40433905e-03,
        7.40433905e-03, 7.40433905e-03],
       [0.00000000e+00, 0.00000000e+00, 7.18742708e-03, 2.92889016e-02,
        1.04507031e-01, 6.55887242e-02, 2.31757655e-02, 5.15202182e-03,
        3.34200569e-02, 2.46769722e-02, 8.40923498e-02, 4.28264032e-02,
        9.50218684e-02, 5.33661746e-02, 3.55797160e-02, 1.88119379e-02,
        2.18687064e-02, 4.61188669e-02, 5.01947700e-02, 8.48598939e-02,
        2.10331215e-02, 2.70404205e-02, 9.01943128e-03, 1.80301528e-02,
        1.86452977e-02, 8.22369788e-03, 5.22023704e-03, 9.02002650e-03,
        9.02011726e-03, 3.01312086e-03, 8.22404487e-03, 1.72347583e-02,
        9.02049451e-03, 7.76275814e-03, 1.39639598e-03, 1.00465886e-05,
        2.21739677e-03, 1.00688220e-05, 1.00688220e-05, 1.00688220e-05,
        1.00688220e-05, 1.00688220e-05, 1.00688220e-05, 1.00688220e-05,
        1.00688220e-05, 1.00688220e-05, 1.00688220e-05, 1.00688220e-05,
        1.00688220e-05, 1.00688220e-05]]))])