OrderedDict([('tech_stage', array([[0, 0, 0, ..., 2, 2, 2],
       [0, 0, 0, ..., 2, 2, 2],
       [0, 0, 0, ..., 2, 2, 2],
       ...,
       [0, 0, 0, ..., 2, 2, 2],
       [0, 0, 0, ..., 2, 2, 2],
       [0, 0, 1, ..., 2, 2, 2]])), ('res_plants', array([[0, 0, 0, ..., 2, 2, 2],
       [0, 0, 0, ..., 3, 3, 3],
       [0, 0, 0, ..., 3, 3, 3],
       ...,
       [0, 0, 0, ..., 3, 3, 3],
       [0, 0, 0, ..., 3, 3, 3],
       [0, 0, 0, ..., 3, 3, 3]])), ('res_penetration', array([[0.        , 0.        , 0.        , ..., 0.2       , 0.2       ,
        0.2       ],
       [0.        , 0.        , 0.        , ..., 0.13333333, 0.13333333,
        0.13333333],
       [0.        , 0.        , 0.        , ..., 0.13333333, 0.13333333,
        0.13333333],
       ...,
       [0.        , 0.        , 0.        , ..., 0.06666667, 0.06666667,
        0.06666667],
       [0.        , 0.        , 0.        , ..., 0.13333333, 0.13333333,
        0.13333333],
       [0.        , 0.        , 0.        , ..., 0.2       , 0.2       ,
        0.2       ]])), ('tax_level', array([[  0. ,   0. ,   0. , ..., -13.7, -13.7, -13.7],
       [  0. ,   0. ,   0. , ..., -13.7, -13.7, -13.7],
       [  0. ,   0. ,   0. , ..., -13.7, -13.7, -13.7],
       ...,
       [  0. ,   0. ,   0. , ..., -13.7, -13.7, -13.7],
       [  0. ,   0. ,   0. , ..., -13.7, -13.7, -13.7],
       [  0. ,   0. ,   0. , ..., -13.7, -13.7, -13.7]])), ('tax_adjustment', array([[ 0,  0,  0, ..., -1, -1, -1],
       [ 0,  0,  0, ..., -1, -1, -1],
       [ 0,  0,  0, ..., -1, -1, -1],
       ...,
       [ 0,  0,  0, ..., -1, -1, -1],
       [ 0,  0,  0, ..., -1, -1, -1],
       [ 0,  0,  0, ..., -1, -1, -1]])), ('co2_price', array([[ 68.52      ,  70.5756    ,  72.692868  , ..., 219.93208546,
        226.53004802, 233.32594946],
       [ 68.52      ,  70.5756    ,  72.692868  , ..., 219.93208546,
        226.53004802, 233.32594946],
       [ 68.52      ,  70.5756    ,  72.692868  , ..., 219.93208546,
        226.53004802, 233.32594946],
       ...,
       [ 68.52      ,  70.5756    ,  72.692868  , ..., 219.93208546,
        226.53004802, 233.32594946],
       [ 68.52      ,  70.5756    ,  72.692868  , ..., 219.93208546,
        226.53004802, 233.32594946],
       [ 68.52      ,  70.5756    ,  72.692868  , ..., 219.93208546,
        226.53004802, 233.32594946]])), ('co2_tax', array([[3.56539709e+08, 3.67235900e+08, 3.78252977e+08, ...,
        9.15522729e+08, 9.42988410e+08, 9.71278063e+08],
       [3.56539709e+08, 3.67235900e+08, 3.78252977e+08, ...,
        9.91816289e+08, 1.02157078e+09, 1.05221790e+09],
       [3.56539709e+08, 3.67235900e+08, 3.78252977e+08, ...,
        9.15522729e+08, 9.42988410e+08, 9.71278063e+08],
       ...,
       [3.56539709e+08, 3.67235900e+08, 3.78252977e+08, ...,
        9.15522729e+08, 9.42988410e+08, 9.71278063e+08],
       [3.56539709e+08, 3.67235900e+08, 3.78252977e+08, ...,
        9.15522729e+08, 9.42988410e+08, 9.71278063e+08],
       [3.56539709e+08, 3.67235900e+08, 3.78252977e+08, ...,
        9.15522729e+08, 9.42988410e+08, 9.71278063e+08]])), ('co2_emissions', array([[5203440., 5203440., 5203440., ..., 4509648., 4509648., 4509648.],
       [5203440., 5203440., 5203440., ..., 4856544., 4856544., 4856544.],
       [5203440., 5203440., 5203440., ..., 4162752., 4162752., 4162752.],
       ...,
       [5203440., 5203440., 5203440., ..., 4509648., 4509648., 4509648.],
       [5203440., 5203440., 5203440., ..., 4162752., 4162752., 4162752.],
       [5203440., 5203440., 5203440., ..., 4162752., 4162752., 4162752.]])), ('cost_total', array([[8.21465459e+08, 8.32161650e+08, 8.43178727e+08, ...,
        1.31425794e+09, 1.34172362e+09, 1.37001327e+09],
       [8.21465459e+08, 8.32161650e+08, 8.43178727e+08, ...,
        1.31425794e+09, 1.34172362e+09, 1.37001327e+09],
       [8.21465459e+08, 8.32161650e+08, 8.43178727e+08, ...,
        1.31425794e+09, 1.34172362e+09, 1.37001327e+09],
       ...,
       [8.21465459e+08, 8.32161650e+08, 8.43178727e+08, ...,
        1.31425794e+09, 1.34172362e+09, 1.37001327e+09],
       [8.21465459e+08, 8.32161650e+08, 8.43178727e+08, ...,
        1.31425794e+09, 1.34172362e+09, 1.37001327e+09],
       [8.21465459e+08, 8.32161650e+08, 8.43178727e+08, ...,
        1.41176315e+09, 1.44151763e+09, 1.47216476e+09]])), ('cost_breakdown', array([[3.56539709e+08, 3.67235900e+08, 3.76992134e+08, 3.87522697e+08,
        3.97275698e+08, 4.07816211e+08, 4.13806700e+08, 4.20958915e+08,
        4.29071144e+08, 4.39617261e+08, 4.47055864e+08, 4.56519266e+08,
        4.66656461e+08, 4.75943840e+08, 4.85907768e+08, 3.95528661e+08,
        4.04648041e+08, 4.14430087e+08, 4.21035509e+08, 4.28664653e+08,
        4.38433405e+08, 4.48933138e+08, 4.61307985e+08, 4.72895342e+08,
        4.79544026e+08, 4.92735835e+08, 5.06902737e+08, 5.21264981e+08,
        5.35380111e+08, 5.50993370e+08, 5.66830788e+08, 5.83360275e+08,
        6.00371384e+08, 6.17878135e+08, 6.36414479e+08, 6.55506914e+08,
        6.75172121e+08, 6.95427285e+08, 7.16290103e+08, 7.37778807e+08,
        7.59912171e+08, 7.82709536e+08, 8.06190822e+08, 8.30376547e+08,
        8.55287843e+08, 8.80946478e+08, 9.07374873e+08, 9.34596119e+08,
        9.62634002e+08, 9.91513022e+08],
       [4.64925750e+08, 4.64925750e+08, 4.63375998e+08, 4.62446146e+08,
        4.60276492e+08, 4.58726740e+08, 4.51907829e+08, 4.46328720e+08,
        4.41679462e+08, 4.39354834e+08, 4.33775725e+08, 4.30056319e+08,
        4.26801838e+08, 4.22617507e+08, 4.18898101e+08, 4.13783918e+08,
        4.10994363e+08, 4.08669734e+08, 4.03090625e+08, 3.98441368e+08,
        3.95651813e+08, 3.93327184e+08, 3.92397333e+08, 3.90537630e+08,
        3.84493595e+08, 3.83563744e+08, 3.83098818e+08, 3.82478917e+08,
        3.81394090e+08, 3.81084140e+08, 3.80619214e+08, 3.80309264e+08,
        3.79999313e+08, 3.79689362e+08, 3.79689362e+08, 3.79689362e+08,
        3.79689362e+08, 3.79689362e+08, 3.79689362e+08, 3.79689362e+08,
        3.79689362e+08, 3.79689362e+08, 3.79689362e+08, 3.79689362e+08,
        3.79689362e+08, 3.79689362e+08, 3.79689362e+08, 3.79689362e+08,
        3.79689362e+08, 3.79689362e+08],
       [0.00000000e+00, 0.00000000e+00, 2.38000000e+06, 1.60384000e+06,
        3.61334400e+06, 2.90752000e+06, 1.11753600e+07, 1.00450560e+07,
        9.25008000e+06, 6.20760000e+06, 1.14693600e+07, 9.24638400e+06,
        8.95440000e+06, 1.07516640e+07, 1.05124320e+07, 1.30764480e+07,
        1.00867200e+07, 9.68923200e+06, 1.49509920e+07, 1.41560160e+07,
        1.18275360e+07, 1.14300480e+07, 9.55180800e+06, 1.10853120e+07,
        2.17747200e+07, 1.06867200e+07, 1.00634880e+07, 1.04623040e+07,
        1.13497920e+07, 1.01649920e+07, 1.03055360e+07, 1.01104640e+07,
        1.01358080e+07, 1.01611520e+07, 9.72032000e+06, 9.72032000e+06,
        9.71540800e+06, 9.71540800e+06, 9.71049600e+06, 9.70558400e+06,
        9.70558400e+06, 9.70558400e+06, 9.69576000e+06, 9.69576000e+06,
        9.69576000e+06, 9.69084800e+06, 9.69084800e+06, 9.68593600e+06,
        9.68102400e+06, 9.68102400e+06],
       [0.00000000e+00, 0.00000000e+00, 2.29765796e+07, 1.40351447e+07,
        3.25659265e+07, 2.37241704e+07, 1.18571945e+08, 9.20497468e+07,
        7.80604865e+07, 4.14644987e+07, 9.42405768e+07, 6.52883539e+07,
        5.84560075e+07, 7.39869629e+07, 6.72357583e+07, 9.03293369e+07,
        5.38144910e+07, 4.68198608e+07, 9.95959388e+07, 8.56066785e+07,
        5.64921720e+07, 4.94975418e+07, 2.74588073e+07, 4.25840535e+07,
        1.20876197e+08, 2.87495061e+07, 2.14878281e+07, 2.43844092e+07,
        3.22524526e+07, 1.97196434e+07, 2.19018635e+07, 1.95081388e+07,
        1.95618083e+07, 1.96154777e+07, 1.47206896e+07, 1.47206896e+07,
        1.47206896e+07, 1.47206896e+07, 1.47206896e+07, 1.47206896e+07,
        1.47206896e+07, 1.47206896e+07, 1.47206896e+07, 1.47206896e+07,
        1.47206896e+07, 1.47206896e+07, 1.47206896e+07, 1.47206896e+07,
        1.47206896e+07, 1.47206896e+07],
       [0.00000000e+00, 0.00000000e+00, 2.41480873e+07, 1.44890956e+07,
        3.38077114e+07, 2.41488170e+07, 1.23570939e+08, 9.43574954e+07,
        7.86325661e+07, 3.93186590e+07, 9.43596337e+07, 6.29088249e+07,
        5.50465186e+07, 7.07729527e+07, 6.29107256e+07, 8.65001787e+07,
        4.71863508e+07, 3.93238862e+07, 9.43648609e+07, 7.86399316e+07,
        4.71889643e+07, 3.93264997e+07, 1.57380763e+07, 3.14641143e+07,
        8.93033087e+07, 1.56158655e+07, 7.81487551e+06, 1.00441892e+07,
        1.74742900e+07, 4.84370127e+06, 7.81527963e+06, 5.21497582e+06,
        5.21502820e+06, 5.21508059e+06, 1.43681900e+04, 1.43681900e+04,
        1.43681900e+04, 1.43681900e+04, 1.43681900e+04, 1.43681900e+04,
        1.43681900e+04, 1.43681900e+04, 1.43681900e+04, 1.43681900e+04,
        1.43681900e+04, 1.43681900e+04, 1.43681900e+04, 1.43681900e+04,
        1.43681900e+04, 1.43681900e+04]])), ('cost_percent', array([[1.23779550e-02, 1.27492937e-02, 1.30879999e-02, 1.34445713e-02,
        1.38386208e-02, 1.42155142e-02, 1.44843271e-02, 1.47057304e-02,
        1.50057821e-02, 1.53752035e-02, 1.56035705e-02, 1.59688737e-02,
        1.63244039e-02, 1.66687164e-02, 1.70189958e-02, 1.38395316e-02,
        1.41434767e-02, 1.44695713e-02, 1.48193617e-02, 1.51771169e-02,
        1.55251140e-02, 1.58619088e-02, 1.62808400e-02, 1.66910868e-02,
        1.68428832e-02, 1.73205232e-02, 1.77903061e-02, 1.83020177e-02,
        1.88133157e-02, 1.93699360e-02, 1.99109718e-02, 2.05000481e-02,
        2.11065491e-02, 2.17134793e-02, 2.23648837e-02, 2.30358302e-02,
        2.37269051e-02, 2.44288579e-02, 2.51617237e-02, 2.59165754e-02,
        2.66940727e-02, 2.74948948e-02, 2.83197417e-02, 2.91693339e-02,
        3.00444140e-02, 3.09457464e-02, 3.18741188e-02, 3.28303423e-02,
        3.38152526e-02, 3.48297102e-02],
       [2.28070976e-02, 2.28070976e-02, 2.27310739e-02, 2.26702550e-02,
        2.26550503e-02, 2.25942313e-02, 2.23509556e-02, 2.20316563e-02,
        2.18263924e-02, 2.17123569e-02, 2.13930575e-02, 2.12562149e-02,
        2.10965653e-02, 2.09141085e-02, 2.07316517e-02, 2.04579665e-02,
        2.02983168e-02, 2.01614743e-02, 2.00474388e-02, 1.99334033e-02,
        1.97965607e-02, 1.96369110e-02, 1.95684897e-02, 1.94772613e-02,
        1.90819383e-02, 1.90515288e-02, 1.89983123e-02, 1.89755052e-02,
        1.89374933e-02, 1.89298910e-02, 1.88918792e-02, 1.88842768e-02,
        1.88766744e-02, 1.88538673e-02, 1.88538673e-02, 1.88538673e-02,
        1.88538673e-02, 1.88462650e-02, 1.88462650e-02, 1.88462650e-02,
        1.88462650e-02, 1.88462650e-02, 1.88462650e-02, 1.88462650e-02,
        1.88462650e-02, 1.88462650e-02, 1.88462650e-02, 1.88462650e-02,
        1.88462650e-02, 1.88462650e-02],
       [0.00000000e+00, 0.00000000e+00, 5.32886227e-03, 4.65679870e-03,
        1.77444844e-03, 5.05050758e-03, 1.81547441e-02, 2.47434748e-02,
        1.84037587e-02, 1.30721380e-02, 2.80506295e-02, 1.69149373e-02,
        1.92222720e-02, 2.16477193e-02, 2.25926206e-02, 2.99321567e-02,
        2.33562153e-02, 2.25843452e-02, 2.16943625e-02, 2.22849259e-02,
        2.44741479e-02, 2.67814825e-02, 2.12136365e-02, 2.31666331e-02,
        5.59525881e-02, 2.21051596e-02, 2.38063116e-02, 2.19393648e-02,
        2.28043063e-02, 2.08586178e-02, 2.32604928e-02, 2.10508509e-02,
        2.10792238e-02, 2.21513729e-02, 2.06488308e-02, 2.06378328e-02,
        2.06158366e-02, 2.11487229e-02, 2.06442095e-02, 2.06112153e-02,
        2.05782211e-02, 2.05782211e-02, 2.05672231e-02, 2.05562250e-02,
        2.05562250e-02, 2.05562250e-02, 2.05562250e-02, 2.05452270e-02,
        2.05452270e-02, 2.05452270e-02],
       [0.00000000e+00, 0.00000000e+00, 1.28137936e-02, 1.03900093e-02,
        2.81291277e-03, 1.05289838e-02, 4.79573539e-02, 5.93178321e-02,
        3.90896475e-02, 2.28075455e-02, 6.05848866e-02, 2.78396748e-02,
        3.22835289e-02, 3.67726348e-02, 3.71346504e-02, 5.41860355e-02,
        3.38673469e-02, 3.00117682e-02, 2.61109375e-02, 2.63371972e-02,
        3.07357993e-02, 3.51796533e-02, 1.88070474e-02, 2.31151456e-02,
        8.61159973e-02, 1.30110191e-02, 1.72082979e-02, 1.17915159e-02,
        1.44033332e-02, 8.95875630e-03, 1.46837709e-02, 9.04641296e-03,
        9.06137840e-03, 1.18360459e-02, 7.74138913e-03, 7.74138913e-03,
        7.74138913e-03, 8.92429681e-03, 7.75421858e-03, 7.75421858e-03,
        7.75421858e-03, 7.75421858e-03, 7.75421858e-03, 7.75421858e-03,
        7.75421858e-03, 7.75421858e-03, 7.75421858e-03, 7.75421858e-03,
        7.75421858e-03, 7.75421858e-03],
       [0.00000000e+00, 0.00000000e+00, 1.79161975e-02, 1.43331384e-02,
        3.58356432e-03, 1.43333189e-02, 6.65102171e-02, 8.16737205e-02,
        5.25057770e-02, 2.91712929e-02, 8.16753658e-02, 3.50061625e-02,
        4.08402683e-02, 4.66744329e-02, 4.66749030e-02, 7.00103860e-02,
        4.08423249e-02, 3.50089830e-02, 2.91755823e-02, 2.91758761e-02,
        3.50099232e-02, 4.08440290e-02, 1.75094274e-02, 2.33433569e-02,
        8.95010729e-02, 7.45132479e-03, 1.32393072e-02, 5.52223054e-03,
        9.65625644e-03, 1.93914374e-03, 9.38100759e-03, 1.93925756e-03,
        1.93927699e-03, 5.79790136e-03, 1.00522565e-05, 1.00522565e-05,
        1.00522565e-05, 1.66398928e-03, 1.00689157e-05, 1.00689157e-05,
        1.00689157e-05, 1.00689157e-05, 1.00689157e-05, 1.00689157e-05,
        1.00689157e-05, 1.00689157e-05, 1.00689157e-05, 1.00689157e-05,
        1.00689157e-05, 1.00689157e-05]]))])