OrderedDict([('tech_stage', array([[0, 0, 0, ..., 2, 2, 2],
       [0, 0, 0, ..., 2, 2, 2],
       [0, 0, 0, ..., 2, 2, 2],
       ...,
       [0, 0, 1, ..., 2, 2, 2],
       [0, 0, 0, ..., 2, 2, 2],
       [0, 0, 0, ..., 0, 0, 0]])), ('res_plants', array([[0, 0, 0, ..., 0, 0, 0],
       [0, 0, 0, ..., 0, 0, 0],
       [0, 0, 0, ..., 0, 0, 0],
       ...,
       [0, 0, 0, ..., 0, 0, 0],
       [0, 0, 0, ..., 0, 0, 0],
       [0, 0, 0, ..., 0, 0, 0]])), ('res_penetration', array([[0., 0., 0., ..., 0., 0., 0.],
       [0., 0., 0., ..., 0., 0., 0.],
       [0., 0., 0., ..., 0., 0., 0.],
       ...,
       [0., 0., 0., ..., 0., 0., 0.],
       [0., 0., 0., ..., 0., 0., 0.],
       [0., 0., 0., ..., 0., 0., 0.]])), ('tax_level', array([[ 0.,  0.,  0., ..., 10., 10., 10.],
       [ 0.,  0.,  0., ..., 10., 10., 10.],
       [ 0.,  0.,  0., ..., 10., 10., 10.],
       ...,
       [ 0.,  0.,  0., ..., 10., 10., 10.],
       [ 0.,  0.,  0., ..., 10., 10., 10.],
       [ 0.,  0.,  0., ..., 10., 10., 10.]])), ('tax_adjustment', array([[0, 0, 0, ..., 1, 1, 1],
       [0, 0, 0, ..., 1, 1, 1],
       [0, 0, 0, ..., 1, 1, 1],
       ...,
       [0, 0, 0, ..., 1, 1, 1],
       [0, 0, 0, ..., 1, 1, 1],
       [0, 0, 0, ..., 1, 1, 1]])), ('co2_price', array([[ 41.84      ,  43.932     ,  46.1286    , ..., 118.81822959,
        124.75914107, 130.99709813],
       [ 41.84      ,  43.932     ,  46.1286    , ..., 118.81822959,
        124.75914107, 130.99709813],
       [ 41.84      ,  43.932     ,  46.1286    , ..., 118.81822959,
        124.75914107, 130.99709813],
       ...,
       [ 41.84      ,  43.932     ,  46.1286    , ..., 118.81822959,
        124.75914107, 130.99709813],
       [ 41.84      ,  43.932     ,  46.1286    , ..., 118.81822959,
        124.75914107, 130.99709813],
       [ 41.84      ,  43.932     ,  46.1286    , ..., 118.81822959,
        124.75914107, 130.99709813]])), ('co2_tax', array([[2.17711930e+09, 2.28597526e+09, 2.40027402e+09, ...,
        6.18263529e+09, 6.49176705e+09, 6.81635540e+09],
       [2.17711930e+09, 2.28597526e+09, 2.40027402e+09, ...,
        6.18263529e+09, 6.49176705e+09, 6.81635540e+09],
       [2.17711930e+09, 2.28597526e+09, 2.40027402e+09, ...,
        6.18263529e+09, 6.49176705e+09, 6.81635540e+09],
       ...,
       [2.17711930e+09, 2.28597526e+09, 2.40027402e+09, ...,
        6.18263529e+09, 6.49176705e+09, 6.81635540e+09],
       [2.17711930e+09, 2.28597526e+09, 2.40027402e+09, ...,
        6.18263529e+09, 6.49176705e+09, 6.81635540e+09],
       [2.17711930e+09, 2.28597526e+09, 2.40027402e+09, ...,
        6.18263529e+09, 6.49176705e+09, 6.81635540e+09]])), ('co2_emissions', array([[52034400., 52034400., 52034400., ..., 52034400., 52034400.,
        52034400.],
       [52034400., 52034400., 52034400., ..., 52034400., 52034400.,
        52034400.],
       [52034400., 52034400., 52034400., ..., 52034400., 52034400.,
        52034400.],
       ...,
       [52034400., 52034400., 52034400., ..., 52034400., 52034400.,
        52034400.],
       [52034400., 52034400., 52034400., ..., 52034400., 52034400.,
        52034400.],
       [52034400., 52034400., 52034400., ..., 52034400., 52034400.,
        52034400.]])), ('cost_total', array([[6.82637680e+09, 6.93523276e+09, 7.04953152e+09, ...,
        1.08318928e+10, 1.11410246e+10, 1.14656129e+10],
       [6.82637680e+09, 6.93523276e+09, 7.04953152e+09, ...,
        1.08318928e+10, 1.11410246e+10, 1.14656129e+10],
       [6.82637680e+09, 6.93523276e+09, 7.04953152e+09, ...,
        1.08318928e+10, 1.11410246e+10, 1.14656129e+10],
       ...,
       [6.82637680e+09, 6.93523276e+09, 7.04953152e+09, ...,
        1.08318928e+10, 1.11410246e+10, 1.14656129e+10],
       [6.82637680e+09, 6.93523276e+09, 7.04953152e+09, ...,
        1.08318928e+10, 1.11410246e+10, 1.14656129e+10],
       [6.82637680e+09, 6.93523276e+09, 7.04953152e+09, ...,
        1.08318928e+10, 1.11410246e+10, 1.14656129e+10]])), ('cost_breakdown', array([[[2.17711930e+09, 2.28597526e+09, 2.40027402e+09, ...,
         6.18263529e+09, 6.49176705e+09, 6.81635540e+09],
        [4.64925750e+09, 4.64925750e+09, 4.64925750e+09, ...,
         4.64925750e+09, 4.64925750e+09, 4.64925750e+09],
        [0.00000000e+00, 0.00000000e+00, 0.00000000e+00, ...,
         0.00000000e+00, 0.00000000e+00, 0.00000000e+00],
        [0.00000000e+00, 0.00000000e+00, 0.00000000e+00, ...,
         0.00000000e+00, 0.00000000e+00, 0.00000000e+00],
        [0.00000000e+00, 0.00000000e+00, 0.00000000e+00, ...,
         0.00000000e+00, 0.00000000e+00, 0.00000000e+00]],

       [[2.17711930e+09, 2.28597526e+09, 2.40027402e+09, ...,
         6.18263529e+09, 6.49176705e+09, 6.81635540e+09],
        [4.64925750e+09, 4.64925750e+09, 4.64925750e+09, ...,
         4.64925750e+09, 4.64925750e+09, 4.64925750e+09],
        [0.00000000e+00, 0.00000000e+00, 0.00000000e+00, ...,
         0.00000000e+00, 0.00000000e+00, 0.00000000e+00],
        [0.00000000e+00, 0.00000000e+00, 0.00000000e+00, ...,
         0.00000000e+00, 0.00000000e+00, 0.00000000e+00],
        [0.00000000e+00, 0.00000000e+00, 0.00000000e+00, ...,
         0.00000000e+00, 0.00000000e+00, 0.00000000e+00]],

       [[2.17711930e+09, 2.28597526e+09, 2.40027402e+09, ...,
         6.18263529e+09, 6.49176705e+09, 6.81635540e+09],
        [4.64925750e+09, 4.64925750e+09, 4.64925750e+09, ...,
         4.64925750e+09, 4.64925750e+09, 4.64925750e+09],
        [0.00000000e+00, 0.00000000e+00, 0.00000000e+00, ...,
         0.00000000e+00, 0.00000000e+00, 0.00000000e+00],
        [0.00000000e+00, 0.00000000e+00, 0.00000000e+00, ...,
         0.00000000e+00, 0.00000000e+00, 0.00000000e+00],
        [0.00000000e+00, 0.00000000e+00, 0.00000000e+00, ...,
         0.00000000e+00, 0.00000000e+00, 0.00000000e+00]],

       ...,

       [[2.17711930e+09, 2.28597526e+09, 2.40027402e+09, ...,
         6.18263529e+09, 6.49176705e+09, 6.81635540e+09],
        [4.64925750e+09, 4.64925750e+09, 4.64925750e+09, ...,
         4.64925750e+09, 4.64925750e+09, 4.64925750e+09],
        [0.00000000e+00, 0.00000000e+00, 0.00000000e+00, ...,
         0.00000000e+00, 0.00000000e+00, 0.00000000e+00],
        [0.00000000e+00, 0.00000000e+00, 0.00000000e+00, ...,
         0.00000000e+00, 0.00000000e+00, 0.00000000e+00],
        [0.00000000e+00, 0.00000000e+00, 0.00000000e+00, ...,
         0.00000000e+00, 0.00000000e+00, 0.00000000e+00]],

       [[2.17711930e+09, 2.28597526e+09, 2.40027402e+09, ...,
         6.18263529e+09, 6.49176705e+09, 6.81635540e+09],
        [4.64925750e+09, 4.64925750e+09, 4.64925750e+09, ...,
         4.64925750e+09, 4.64925750e+09, 4.64925750e+09],
        [0.00000000e+00, 0.00000000e+00, 0.00000000e+00, ...,
         0.00000000e+00, 0.00000000e+00, 0.00000000e+00],
        [0.00000000e+00, 0.00000000e+00, 0.00000000e+00, ...,
         0.00000000e+00, 0.00000000e+00, 0.00000000e+00],
        [0.00000000e+00, 0.00000000e+00, 0.00000000e+00, ...,
         0.00000000e+00, 0.00000000e+00, 0.00000000e+00]],

       [[2.17711930e+09, 2.28597526e+09, 2.40027402e+09, ...,
         6.18263529e+09, 6.49176705e+09, 6.81635540e+09],
        [4.64925750e+09, 4.64925750e+09, 4.64925750e+09, ...,
         4.64925750e+09, 4.64925750e+09, 4.64925750e+09],
        [0.00000000e+00, 0.00000000e+00, 0.00000000e+00, ...,
         0.00000000e+00, 0.00000000e+00, 0.00000000e+00],
        [0.00000000e+00, 0.00000000e+00, 0.00000000e+00, ...,
         0.00000000e+00, 0.00000000e+00, 0.00000000e+00],
        [0.00000000e+00, 0.00000000e+00, 0.00000000e+00, ...,
         0.00000000e+00, 0.00000000e+00, 0.00000000e+00]]])), ('cost_percent', array([[[0.3189275 , 0.32961767, 0.34048703, ..., 0.57078069,
         0.58269031, 0.59450423],
        [0.6810725 , 0.67038233, 0.65951297, ..., 0.42921931,
         0.41730969, 0.40549577],
        [0.        , 0.        , 0.        , ..., 0.        ,
         0.        , 0.        ],
        [0.        , 0.        , 0.        , ..., 0.        ,
         0.        , 0.        ],
        [0.        , 0.        , 0.        , ..., 0.        ,
         0.        , 0.        ]],

       [[0.3189275 , 0.32961767, 0.34048703, ..., 0.57078069,
         0.58269031, 0.59450423],
        [0.6810725 , 0.67038233, 0.65951297, ..., 0.42921931,
         0.41730969, 0.40549577],
        [0.        , 0.        , 0.        , ..., 0.        ,
         0.        , 0.        ],
        [0.        , 0.        , 0.        , ..., 0.        ,
         0.        , 0.        ],
        [0.        , 0.        , 0.        , ..., 0.        ,
         0.        , 0.        ]],

       [[0.3189275 , 0.32961767, 0.34048703, ..., 0.57078069,
         0.58269031, 0.59450423],
        [0.6810725 , 0.67038233, 0.65951297, ..., 0.42921931,
         0.41730969, 0.40549577],
        [0.        , 0.        , 0.        , ..., 0.        ,
         0.        , 0.        ],
        [0.        , 0.        , 0.        , ..., 0.        ,
         0.        , 0.        ],
        [0.        , 0.        , 0.        , ..., 0.        ,
         0.        , 0.        ]],

       ...,

       [[0.3189275 , 0.32961767, 0.34048703, ..., 0.57078069,
         0.58269031, 0.59450423],
        [0.6810725 , 0.67038233, 0.65951297, ..., 0.42921931,
         0.41730969, 0.40549577],
        [0.        , 0.        , 0.        , ..., 0.        ,
         0.        , 0.        ],
        [0.        , 0.        , 0.        , ..., 0.        ,
         0.        , 0.        ],
        [0.        , 0.        , 0.        , ..., 0.        ,
         0.        , 0.        ]],

       [[0.3189275 , 0.32961767, 0.34048703, ..., 0.57078069,
         0.58269031, 0.59450423],
        [0.6810725 , 0.67038233, 0.65951297, ..., 0.42921931,
         0.41730969, 0.40549577],
        [0.        , 0.        , 0.        , ..., 0.        ,
         0.        , 0.        ],
        [0.        , 0.        , 0.        , ..., 0.        ,
         0.        , 0.        ],
        [0.        , 0.        , 0.        , ..., 0.        ,
         0.        , 0.        ]],

       [[0.3189275 , 0.32961767, 0.34048703, ..., 0.57078069,
         0.58269031, 0.59450423],
        [0.6810725 , 0.67038233, 0.65951297, ..., 0.42921931,
         0.41730969, 0.40549577],
        [0.        , 0.        , 0.        , ..., 0.        ,
         0.        , 0.        ],
        [0.        , 0.        , 0.        , ..., 0.        ,
         0.        , 0.        ],
        [0.        , 0.        , 0.        , ..., 0.        ,
         0.        , 0.        ]]]))])