OrderedDict([('tech_stage', array([[0, 0, 1, ..., 2, 2, 2],
       [0, 0, 0, ..., 2, 2, 2],
       [0, 0, 0, ..., 2, 2, 2],
       ...,
       [0, 0, 1, ..., 2, 2, 2],
       [0, 0, 0, ..., 0, 0, 0],
       [0, 0, 0, ..., 2, 2, 2]])), ('res_plants', array([[0, 0, 0, ..., 4, 4, 4],
       [0, 0, 0, ..., 4, 4, 4],
       [0, 0, 0, ..., 4, 4, 4],
       ...,
       [0, 0, 0, ..., 4, 4, 4],
       [0, 0, 0, ..., 4, 4, 4],
       [0, 0, 0, ..., 4, 4, 4]])), ('res_penetration', array([[0.        , 0.        , 0.        , ..., 0.26666667, 0.26666667,
        0.26666667],
       [0.        , 0.        , 0.        , ..., 0.26666667, 0.26666667,
        0.26666667],
       [0.        , 0.        , 0.        , ..., 0.13333333, 0.13333333,
        0.13333333],
       ...,
       [0.        , 0.        , 0.        , ..., 0.26666667, 0.26666667,
        0.26666667],
       [0.        , 0.        , 0.        , ..., 0.26666667, 0.26666667,
        0.26666667],
       [0.        , 0.        , 0.        , ..., 0.26666667, 0.26666667,
        0.26666667]])), ('tax_level', array([[  0.  ,   0.  ,   0.  , ..., -19.82, -19.82, -19.82],
       [  0.  ,   0.  ,   0.  , ..., -19.82, -19.82, -19.82],
       [  0.  ,   0.  ,   0.  , ..., -19.82, -19.82, -19.82],
       ...,
       [  0.  ,   0.  ,   0.  , ..., -19.82, -19.82, -19.82],
       [  0.  ,   0.  ,   0.  , ..., -19.82, -19.82, -19.82],
       [  0.  ,   0.  ,   0.  , ..., -19.82, -19.82, -19.82]])), ('tax_adjustment', array([[ 0,  0,  0, ..., -1, -1, -1],
       [ 0,  0,  0, ..., -1, -1, -1],
       [ 0,  0,  0, ..., -1, -1, -1],
       ...,
       [ 0,  0,  0, ..., -1, -1, -1],
       [ 0,  0,  0, ..., -1, -1, -1],
       [ 0,  0,  0, ..., -1, -1, -1]])), ('co2_price', array([[ 99.11      , 102.0833    , 105.145799  , ..., 318.1031568 ,
        327.64625151, 337.47563905],
       [ 99.11      , 102.0833    , 105.145799  , ..., 318.1031568 ,
        327.64625151, 337.47563905],
       [ 99.11      , 102.0833    , 105.145799  , ..., 318.1031568 ,
        327.64625151, 337.47563905],
       ...,
       [ 99.11      , 102.0833    , 105.145799  , ..., 318.1031568 ,
        327.64625151, 337.47563905],
       [ 99.11      , 102.0833    , 105.145799  , ..., 318.1031568 ,
        327.64625151, 337.47563905],
       [ 99.11      , 102.0833    , 105.145799  , ..., 318.1031568 ,
        327.64625151, 337.47563905]])), ('co2_tax', array([[5.15712938e+08, 5.31184327e+08, 5.47119856e+08, ...,
        1.21383584e+09, 1.25025091e+09, 1.28775844e+09],
       [5.15712938e+08, 5.31184327e+08, 5.47119856e+08, ...,
        1.21383584e+09, 1.25025091e+09, 1.28775844e+09],
       [5.15712938e+08, 5.31184327e+08, 5.47119856e+08, ...,
        1.21383584e+09, 1.25025091e+09, 1.28775844e+09],
       ...,
       [5.15712938e+08, 5.31184327e+08, 5.47119856e+08, ...,
        1.21383584e+09, 1.25025091e+09, 1.28775844e+09],
       [5.15712938e+08, 5.31184327e+08, 5.47119856e+08, ...,
        1.21383584e+09, 1.25025091e+09, 1.28775844e+09],
       [5.15712938e+08, 5.31184327e+08, 5.47119856e+08, ...,
        1.21383584e+09, 1.25025091e+09, 1.28775844e+09]])), ('co2_emissions', array([[5203440., 5203440., 5203440., ..., 3815856., 3815856., 3815856.],
       [5203440., 5203440., 5203440., ..., 3815856., 3815856., 3815856.],
       [5203440., 5203440., 5203440., ..., 4509648., 4509648., 4509648.],
       ...,
       [5203440., 5203440., 5203440., ..., 3815856., 3815856., 3815856.],
       [5203440., 5203440., 5203440., ..., 3815856., 3815856., 3815856.],
       [5203440., 5203440., 5203440., ..., 3815856., 3815856., 3815856.]])), ('cost_total', array([[9.80638688e+08, 9.96110077e+08, 1.01204561e+09, ...,
        1.59240273e+09, 1.62881781e+09, 1.66632534e+09],
       [9.80638688e+08, 9.96110077e+08, 1.01204561e+09, ...,
        1.59240273e+09, 1.62881781e+09, 1.66632534e+09],
       [9.80638688e+08, 9.96110077e+08, 1.01204561e+09, ...,
        1.59240273e+09, 1.62881781e+09, 1.66632534e+09],
       ...,
       [9.80638688e+08, 9.96110077e+08, 1.01204561e+09, ...,
        1.59240273e+09, 1.62881781e+09, 1.66632534e+09],
       [9.80638688e+08, 9.96110077e+08, 1.01204561e+09, ...,
        1.85448012e+09, 1.89751612e+09, 1.94184320e+09],
       [9.80638688e+08, 9.96110077e+08, 1.01204561e+09, ...,
        1.59240273e+09, 1.62881781e+09, 1.66632534e+09]])), ('cost_breakdown', array([[5.15712938e+08, 5.31184327e+08, 5.47119856e+08, 5.62030696e+08,
        5.60897994e+08, 5.71945692e+08, 5.87872486e+08, 5.92612003e+08,
        5.98195621e+08, 4.89695679e+08, 4.97732861e+08, 5.10190045e+08,
        5.15887802e+08, 5.26315363e+08, 5.34408017e+08, 5.45726483e+08,
        5.53491355e+08, 5.63731386e+08, 5.73853547e+08, 5.71535656e+08,
        5.85204281e+08, 6.02248728e+08, 6.18208064e+08, 6.34040093e+08,
        6.51943040e+08, 6.68621823e+08, 6.84528227e+08, 7.03231151e+08,
        7.21181569e+08, 7.41520652e+08, 7.60428132e+08, 7.82553319e+08,
        8.02488487e+08, 8.25468839e+08, 8.49105773e+08, 8.74191964e+08,
        9.00019132e+08, 9.26609156e+08, 9.53984566e+08, 9.82604103e+08,
        1.01208223e+09, 1.04244469e+09, 1.07371803e+09, 1.10592957e+09,
        1.13910746e+09, 1.17328069e+09, 1.20847911e+09, 1.24473348e+09,
        1.28207548e+09, 1.32053775e+09],
       [4.64925750e+08, 4.64925750e+08, 4.64925750e+08, 4.63685948e+08,
        4.49273250e+08, 4.44778968e+08, 4.43849116e+08, 4.34395626e+08,
        4.25717012e+08, 4.22927457e+08, 4.17348348e+08, 4.15333670e+08,
        4.07739883e+08, 4.03865502e+08, 3.98131417e+08, 3.94721962e+08,
        3.88677927e+08, 3.84338620e+08, 3.79844338e+08, 3.67291342e+08,
        3.65121689e+08, 3.64811738e+08, 3.63571936e+08, 3.62022184e+08,
        3.61402283e+08, 3.59852530e+08, 3.57682877e+08, 3.56753026e+08,
        3.55203273e+08, 3.54583372e+08, 3.53033620e+08, 3.52723669e+08,
        3.51173916e+08, 3.50708991e+08, 3.50244065e+08, 3.50089090e+08,
        3.49934114e+08, 3.49779139e+08, 3.49624164e+08, 3.49624164e+08,
        3.49624164e+08, 3.49624164e+08, 3.49624164e+08, 3.49624164e+08,
        3.49624164e+08, 3.49624164e+08, 3.49624164e+08, 3.49624164e+08,
        3.49624164e+08, 3.49624164e+08],
       [0.00000000e+00, 0.00000000e+00, 0.00000000e+00, 1.90400000e+06,
        3.07478720e+07, 1.10848640e+07, 4.10196800e+06, 2.04509760e+07,
        1.92922560e+07, 9.18465600e+06, 1.37409600e+07, 8.88524800e+06,
        2.03392320e+07, 1.37254400e+07, 1.66329920e+07, 1.33304640e+07,
        1.79548800e+07, 1.61208960e+07, 1.69544000e+07, 3.69578240e+07,
        1.49404160e+07, 1.25761920e+07, 1.40197120e+07, 1.43514880e+07,
        1.30796800e+07, 1.45288960e+07, 1.58433920e+07, 1.44311680e+07,
        1.49680000e+07, 1.36961920e+07, 1.56562560e+07, 1.34467200e+07,
        1.53367680e+07, 1.38171360e+07, 1.38404160e+07, 1.34073440e+07,
        1.34151040e+07, 1.35358400e+07, 1.34208000e+07, 1.31905600e+07,
        1.31807360e+07, 1.31709120e+07, 1.31610880e+07, 1.31610880e+07,
        1.31610880e+07, 1.31512640e+07, 1.31414400e+07, 1.31316160e+07,
        1.31119680e+07, 1.31119680e+07],
       [0.00000000e+00, 0.00000000e+00, 0.00000000e+00, 2.16963336e+07,
        2.59633621e+08, 8.53101953e+07, 1.93794352e+07, 1.78303693e+08,
        1.66498193e+08, 5.50379416e+07, 1.16161517e+08, 4.55275224e+07,
        1.49397136e+08, 8.23327064e+07, 1.18248814e+08, 7.60254466e+07,
        1.25978562e+08, 9.50911491e+07, 9.87564545e+07, 2.74106910e+08,
        6.17524566e+07, 2.45582208e+07, 4.33666129e+07, 5.00245986e+07,
        3.16051284e+07, 5.04993141e+07, 6.31922525e+07, 3.84857414e+07,
        5.14626303e+07, 3.30431601e+07, 5.16336540e+07, 2.72290704e+07,
        5.23082906e+07, 3.00416146e+07, 3.01355220e+07, 2.44570987e+07,
        2.44884011e+07, 2.44496152e+07, 2.41307717e+07, 2.16833776e+07,
        2.16833776e+07, 2.16833776e+07, 2.16833776e+07, 2.16833776e+07,
        2.16833776e+07, 2.16833776e+07, 2.16833776e+07, 2.16833776e+07,
        2.16833776e+07, 2.16833776e+07],
       [0.00000000e+00, 0.00000000e+00, 0.00000000e+00, 2.28025654e+07,
        2.22225146e+08, 7.45876547e+07, 1.69043335e+07, 1.64757476e+08,
        1.57138664e+08, 5.07099745e+07, 1.14400657e+08, 3.89257203e+07,
        1.31600287e+08, 7.06469434e+07, 1.09820188e+08, 6.64453981e+07,
        1.16764776e+08, 8.23069961e+07, 8.45370601e+07, 2.18129437e+08,
        4.60192086e+07, 4.84763270e+06, 2.45626771e+07, 3.28766374e+07,
        1.31619726e+07, 3.28771007e+07, 4.42787144e+07, 1.62504514e+07,
        3.28780410e+07, 1.31633762e+07, 2.93944087e+07, 6.59213918e+06,
        3.28788664e+07, 9.12083816e+06, 9.12092982e+06, 3.05437676e+06,
        3.05440731e+06, 2.25035057e+06, 2.62152035e+06, 2.11641505e+04,
        2.11641505e+04, 2.11641505e+04, 2.11641505e+04, 2.11641505e+04,
        2.11641505e+04, 2.11641505e+04, 2.11641505e+04, 2.11641505e+04,
        2.11641505e+04, 2.11641505e+04]])), ('cost_percent', array([[1.36939509e-02, 1.41047694e-02, 1.45279125e-02, 1.49238465e-02,
        1.49348698e-02, 1.51183319e-02, 1.54737741e-02, 1.56348343e-02,
        1.59246261e-02, 1.30650455e-02, 1.32754108e-02, 1.35523540e-02,
        1.36048751e-02, 1.38950395e-02, 1.40909430e-02, 1.44055726e-02,
        1.45916161e-02, 1.49207186e-02, 1.52813026e-02, 1.52786915e-02,
        1.56447141e-02, 1.59917735e-02, 1.63035927e-02, 1.67494575e-02,
        1.71034736e-02, 1.75095326e-02, 1.79403130e-02, 1.84136285e-02,
        1.89326170e-02, 1.94661726e-02, 2.00147022e-02, 2.05968836e-02,
        2.12147901e-02, 2.18415479e-02, 2.24967944e-02, 2.31100440e-02,
        2.37927614e-02, 2.45065442e-02, 2.52305120e-02, 2.59874274e-02,
        2.67670502e-02, 2.75700617e-02, 2.83971636e-02, 2.92490785e-02,
        3.01265508e-02, 3.10303473e-02, 3.19612578e-02, 3.29200955e-02,
        3.39076984e-02, 3.49249293e-02],
       [2.45110054e-02, 2.45110054e-02, 2.45110054e-02, 2.44456428e-02,
        2.37511643e-02, 2.33426475e-02, 2.31955815e-02, 2.27543834e-02,
        2.25011030e-02, 2.24030590e-02, 2.21007566e-02, 2.19046685e-02,
        2.13490857e-02, 2.11693384e-02, 2.08425250e-02, 2.06872886e-02,
        2.03441345e-02, 2.01970685e-02, 2.00826838e-02, 1.94944197e-02,
        1.93800350e-02, 1.92329689e-02, 1.90368809e-02, 1.89878589e-02,
        1.88244522e-02, 1.87100675e-02, 1.86120235e-02, 1.85466608e-02,
        1.85139794e-02, 1.84812981e-02, 1.84486168e-02, 1.84322761e-02,
        1.84322761e-02, 1.84241058e-02, 1.84241058e-02, 1.83750837e-02,
        1.83669134e-02, 1.83669134e-02, 1.83587431e-02, 1.83587431e-02,
        1.83587431e-02, 1.83587431e-02, 1.83587431e-02, 1.83587431e-02,
        1.83587431e-02, 1.83587431e-02, 1.83587431e-02, 1.83587431e-02,
        1.83587431e-02, 1.83587431e-02],
       [0.00000000e+00, 0.00000000e+00, 0.00000000e+00, 2.75892704e-03,
        4.03717272e-02, 2.29937326e-02, 1.02639737e-02, 2.75577862e-02,
        1.79198571e-02, 1.09188131e-02, 1.97821560e-02, 1.62131709e-02,
        3.63831997e-02, 1.91914211e-02, 2.48492154e-02, 1.85906241e-02,
        2.83589879e-02, 2.01131809e-02, 1.90072917e-02, 4.80496588e-02,
        2.25508668e-02, 2.31624676e-02, 2.59180562e-02, 1.95959864e-02,
        2.59150886e-02, 2.32593779e-02, 2.28694186e-02, 2.17672388e-02,
        2.05916113e-02, 2.06935293e-02, 2.04253338e-02, 1.98232849e-02,
        1.91845122e-02, 1.95151429e-02, 1.91957565e-02, 2.15638897e-02,
        1.96365589e-02, 1.93171725e-02, 1.97972722e-02, 1.92928290e-02,
        1.92785939e-02, 1.92785939e-02, 1.92785939e-02, 1.92785939e-02,
        1.92643588e-02, 1.92643588e-02, 1.92643588e-02, 1.92501236e-02,
        1.92216534e-02, 1.92216534e-02],
       [0.00000000e+00, 0.00000000e+00, 0.00000000e+00, 7.27247830e-03,
        7.94761473e-02, 4.90106134e-02, 1.74368934e-02, 5.41695954e-02,
        3.19596789e-02, 1.30384640e-02, 3.91093265e-02, 2.53829436e-02,
        6.74890140e-02, 2.48882952e-02, 4.28394241e-02, 2.27827337e-02,
        4.51585765e-02, 2.23617944e-02, 1.86743646e-02, 8.15457858e-02,
        2.03738592e-02, 2.48534058e-02, 3.12888194e-02, 1.27880872e-02,
        2.73241125e-02, 2.13922673e-02, 1.94494459e-02, 1.53879754e-02,
        1.12810415e-02, 1.13204791e-02, 1.14108144e-02, 9.36036040e-03,
        7.28717471e-03, 8.25459968e-03, 7.29766711e-03, 1.32123865e-02,
        8.32376751e-03, 7.36683493e-03, 8.31076669e-03, 7.37454596e-03,
        7.37454596e-03, 7.37454596e-03, 7.37454596e-03, 7.37454596e-03,
        7.37454596e-03, 7.37454596e-03, 7.37454596e-03, 7.37454596e-03,
        7.37454596e-03, 7.37454596e-03],
       [0.00000000e+00, 0.00000000e+00, 0.00000000e+00, 1.06917766e-02,
        9.58359597e-02, 6.50773710e-02, 2.37757558e-02, 6.89593185e-02,
        4.17245143e-02, 1.58524343e-02, 5.40092865e-02, 3.32439865e-02,
        8.62247403e-02, 2.88249400e-02, 5.69587741e-02, 2.68549110e-02,
        5.67203862e-02, 2.46456278e-02, 1.92999876e-02, 9.19467939e-02,
        1.83102629e-02, 2.69236146e-02, 3.53511280e-02, 9.25293729e-03,
        2.75552295e-02, 2.07619042e-02, 1.76807592e-02, 1.15182292e-02,
        5.35563703e-03, 5.35569088e-03, 6.17256447e-03, 3.09127253e-03,
        9.94954386e-06, 1.43222833e-03, 9.96386965e-06, 7.96361327e-03,
        1.43232276e-03, 1.00583079e-05, 1.05531277e-03, 1.00688362e-05,
        1.00688362e-05, 1.00688362e-05, 1.00688362e-05, 1.00688362e-05,
        1.00688362e-05, 1.00688362e-05, 1.00688362e-05, 1.00688362e-05,
        1.00688362e-05, 1.00688362e-05]]))])