OrderedDict([('tech_stage', array([[0, 0, 0, ..., 2, 2, 2],
       [0, 0, 0, ..., 2, 2, 2],
       [0, 0, 0, ..., 2, 2, 2],
       ...,
       [0, 1, 1, ..., 2, 2, 2],
       [0, 0, 0, ..., 2, 2, 2],
       [0, 0, 0, ..., 2, 2, 2]])), ('res_plants', array([[0, 0, 0, ..., 1, 1, 1],
       [0, 0, 0, ..., 1, 1, 1],
       [0, 0, 0, ..., 1, 1, 1],
       ...,
       [0, 0, 0, ..., 0, 0, 0],
       [0, 0, 0, ..., 1, 1, 1],
       [0, 0, 0, ..., 1, 1, 1]])), ('res_penetration', array([[0.        , 0.        , 0.        , ..., 0.06666667, 0.06666667,
        0.06666667],
       [0.        , 0.        , 0.        , ..., 0.06666667, 0.06666667,
        0.06666667],
       [0.        , 0.        , 0.        , ..., 0.06666667, 0.06666667,
        0.06666667],
       ...,
       [0.        , 0.        , 0.        , ..., 0.06666667, 0.06666667,
        0.06666667],
       [0.        , 0.        , 0.        , ..., 0.06666667, 0.06666667,
        0.06666667],
       [0.        , 0.        , 0.        , ..., 0.06666667, 0.06666667,
        0.06666667]])), ('tax_level', array([[ 0.  ,  0.  ,  0.  , ..., -8.37, -8.37, -8.37],
       [ 0.  ,  0.  ,  0.  , ..., -8.37, -8.37, -8.37],
       [ 0.  ,  0.  ,  0.  , ..., -8.37, -8.37, -8.37],
       ...,
       [ 0.  ,  0.  ,  0.  , ..., -8.37, -8.37, -8.37],
       [ 0.  ,  0.  ,  0.  , ..., -8.37, -8.37, -8.37],
       [ 0.  ,  0.  ,  0.  , ..., -8.37, -8.37, -8.37]])), ('tax_adjustment', array([[ 0,  0,  0, ..., -1, -1, -1],
       [ 0,  0,  0, ..., -1, -1, -1],
       [ 0,  0,  0, ..., -1, -1, -1],
       ...,
       [ 0,  0,  0, ..., -1, -1, -1],
       [ 0,  0,  0, ..., -1, -1, -1],
       [ 0,  0,  0, ..., -1, -1, -1]])), ('co2_price', array([[ 41.84      ,  43.0952    ,  44.388056  , ..., 134.2781266 ,
        138.3064704 , 142.45566451],
       [ 41.84      ,  43.0952    ,  44.388056  , ..., 134.2781266 ,
        138.3064704 , 142.45566451],
       [ 41.84      ,  43.0952    ,  44.388056  , ..., 134.2781266 ,
        138.3064704 , 142.45566451],
       ...,
       [ 41.84      ,  43.0952    ,  44.388056  , ..., 134.2781266 ,
        138.3064704 , 142.45566451],
       [ 41.84      ,  43.0952    ,  44.388056  , ..., 134.2781266 ,
        138.3064704 , 142.45566451],
       [ 41.84      ,  43.0952    ,  44.388056  , ..., 134.2781266 ,
        138.3064704 , 142.45566451]])), ('co2_tax', array([[2.17711930e+08, 2.24243287e+08, 2.30970586e+08, ...,
        6.52127630e+08, 6.71691459e+08, 6.91842203e+08],
       [2.17711930e+08, 2.24243287e+08, 2.30970586e+08, ...,
        6.98708175e+08, 7.19669420e+08, 7.41259503e+08],
       [2.17711930e+08, 2.24243287e+08, 2.30970586e+08, ...,
        6.52127630e+08, 6.71691459e+08, 6.91842203e+08],
       ...,
       [2.17711930e+08, 2.24243287e+08, 2.30970586e+08, ...,
        6.98708175e+08, 7.19669420e+08, 7.41259503e+08],
       [2.17711930e+08, 2.24243287e+08, 2.30970586e+08, ...,
        6.52127630e+08, 6.71691459e+08, 6.91842203e+08],
       [2.17711930e+08, 2.24243287e+08, 2.30970586e+08, ...,
        6.52127630e+08, 6.71691459e+08, 6.91842203e+08]])), ('co2_emissions', array([[5203440., 5203440., 5203440., ..., 5203440., 5203440., 5203440.],
       [5203440., 5203440., 5203440., ..., 4856544., 4856544., 4856544.],
       [5203440., 5203440., 5203440., ..., 5203440., 5203440., 5203440.],
       ...,
       [5203440., 5203440., 5203440., ..., 5203440., 5203440., 5203440.],
       [5203440., 5203440., 5203440., ..., 5203440., 5203440., 5203440.],
       [5203440., 5203440., 5203440., ..., 4856544., 4856544., 4856544.]])), ('cost_total', array([[6.82637680e+08, 6.89169037e+08, 6.95896336e+08, ...,
        1.09418055e+09, 1.11374438e+09, 1.13389513e+09],
       [6.82637680e+08, 6.89169037e+08, 6.95896336e+08, ...,
        1.09418055e+09, 1.11374438e+09, 1.13389513e+09],
       [6.82637680e+08, 6.89169037e+08, 6.95896336e+08, ...,
        1.09418055e+09, 1.11374438e+09, 1.13389513e+09],
       ...,
       [6.82637680e+08, 6.89169037e+08, 6.95896336e+08, ...,
        1.09418055e+09, 1.11374438e+09, 1.13389513e+09],
       [6.82637680e+08, 6.89169037e+08, 6.95896336e+08, ...,
        1.09418055e+09, 1.11374438e+09, 1.13389513e+09],
       [6.82637680e+08, 6.89169037e+08, 6.95896336e+08, ...,
        1.09418055e+09, 1.11374438e+09, 1.13389513e+09]])), ('cost_breakdown', array([[2.17711930e+08, 2.24243287e+08, 2.30662625e+08, 2.37265304e+08,
        2.43648154e+08, 2.50284564e+08, 2.57533142e+08, 2.11409252e+08,
        2.17383830e+08, 2.23375123e+08, 2.29452229e+08, 2.35532206e+08,
        2.41936014e+08, 2.48426818e+08, 2.55089329e+08, 2.62199340e+08,
        2.69506372e+08, 2.76919893e+08, 2.84338007e+08, 2.91951980e+08,
        3.00395989e+08, 3.08759894e+08, 3.17355277e+08, 3.26303072e+08,
        3.36092164e+08, 3.46174929e+08, 3.56560177e+08, 3.67256982e+08,
        3.78274691e+08, 3.89622932e+08, 4.01311620e+08, 4.13350969e+08,
        4.25751498e+08, 4.38524043e+08, 4.51679764e+08, 4.65230157e+08,
        4.79187061e+08, 4.93562673e+08, 5.08369553e+08, 5.23620640e+08,
        5.39329259e+08, 5.55509137e+08, 5.72174411e+08, 5.89339644e+08,
        6.07019833e+08, 6.25230428e+08, 6.43987341e+08, 6.63306961e+08,
        6.83206170e+08, 7.03702355e+08],
       [4.64925750e+08, 4.64925750e+08, 4.64305849e+08, 4.63685948e+08,
        4.62291171e+08, 4.61051369e+08, 4.60586443e+08, 4.58881715e+08,
        4.58106839e+08, 4.57022012e+08, 4.55782210e+08, 4.54232458e+08,
        4.52992656e+08, 4.51597878e+08, 4.50203101e+08, 4.49273250e+08,
        4.48343398e+08, 4.47258572e+08, 4.45863794e+08, 4.44469017e+08,
        4.44004091e+08, 4.43074240e+08, 4.42144388e+08, 4.41369512e+08,
        4.41369512e+08, 4.41369512e+08, 4.41369512e+08, 4.41369512e+08,
        4.41369512e+08, 4.41369512e+08, 4.41369512e+08, 4.41369512e+08,
        4.41369512e+08, 4.41369512e+08, 4.41369512e+08, 4.41369512e+08,
        4.41369512e+08, 4.41369512e+08, 4.41369512e+08, 4.41369512e+08,
        4.41369512e+08, 4.41369512e+08, 4.41369512e+08, 4.41369512e+08,
        4.41369512e+08, 4.41369512e+08, 4.41369512e+08, 4.41369512e+08,
        4.41369512e+08, 4.41369512e+08],
       [0.00000000e+00, 0.00000000e+00, 9.52000000e+05, 1.02233600e+06,
        2.28267200e+06, 2.20292800e+06, 1.15360000e+06, 3.11035200e+06,
        1.87577600e+06, 2.43969600e+06, 2.80078400e+06, 3.41745600e+06,
        3.11729600e+06, 3.49596800e+06, 3.65422400e+06, 3.09848000e+06,
        3.20398400e+06, 3.54748800e+06, 4.14657600e+06, 4.30483200e+06,
        3.03508800e+06, 3.80184000e+06, 3.90734400e+06, 3.77484800e+06,
        2.67276800e+06, 2.67276800e+06, 2.67276800e+06, 2.67276800e+06,
        2.67276800e+06, 2.67276800e+06, 2.67276800e+06, 2.67276800e+06,
        2.67276800e+06, 2.67276800e+06, 2.67276800e+06, 2.67276800e+06,
        2.67276800e+06, 2.67276800e+06, 2.67276800e+06, 2.67276800e+06,
        2.67276800e+06, 2.67276800e+06, 2.67276800e+06, 2.67276800e+06,
        2.67276800e+06, 2.67276800e+06, 2.67276800e+06, 2.67276800e+06,
        2.67276800e+06, 2.67276800e+06],
       [0.00000000e+00, 0.00000000e+00, 8.48434848e+06, 8.57636712e+06,
        1.92738214e+07, 1.73597762e+07, 6.93837785e+06, 2.39760888e+07,
        1.15026173e+07, 1.58598149e+07, 1.81419346e+07, 2.25681461e+07,
        1.85560185e+07, 2.08611429e+07, 2.10681848e+07, 1.49119654e+07,
        1.50499934e+07, 1.73091084e+07, 2.17123153e+07, 2.19193572e+07,
        9.39987646e+06, 1.58321518e+07, 1.59701798e+07, 1.39871206e+07,
        3.49670830e+06, 3.49670830e+06, 3.49670830e+06, 3.49670830e+06,
        3.49670830e+06, 3.49670830e+06, 3.49670830e+06, 3.49670830e+06,
        3.49670830e+06, 3.49670830e+06, 3.49670830e+06, 3.49670830e+06,
        3.49670830e+06, 3.49670830e+06, 3.49670830e+06, 3.49670830e+06,
        3.49670830e+06, 3.49670830e+06, 3.49670830e+06, 3.49670830e+06,
        3.49670830e+06, 3.49670830e+06, 3.49670830e+06, 3.49670830e+06,
        3.49670830e+06, 3.49670830e+06],
       [0.00000000e+00, 0.00000000e+00, 8.91694027e+06, 8.91703008e+06,
        2.00632952e+07, 1.78342623e+07, 6.68826655e+06, 2.45222144e+07,
        1.11470510e+07, 1.56056334e+07, 1.78350257e+07, 2.22936754e+07,
        1.78354298e+07, 2.00648445e+07, 2.00650466e+07, 1.33775435e+07,
        1.33776782e+07, 1.56070480e+07, 2.00656753e+07, 2.00658774e+07,
        6.69066910e+06, 1.33784417e+07, 1.33785764e+07, 1.11494760e+07,
        3.41297660e+03, 3.41297660e+03, 3.41297660e+03, 3.41297660e+03,
        3.41297660e+03, 3.41297660e+03, 3.41297660e+03, 3.41297660e+03,
        3.41297660e+03, 3.41297660e+03, 3.41297660e+03, 3.41297660e+03,
        3.41297660e+03, 3.41297660e+03, 3.41297660e+03, 3.41297660e+03,
        3.41297660e+03, 3.41297660e+03, 3.41297660e+03, 3.41297660e+03,
        3.41297660e+03, 3.41297660e+03, 3.41297660e+03, 3.41297660e+03,
        3.41297660e+03, 3.41297660e+03]])), ('cost_percent', array([[1.13799751e-02, 1.17213744e-02, 1.20609426e-02, 1.23937554e-02,
        1.27314127e-02, 1.30957650e-02, 1.34705203e-02, 1.10729213e-02,
        1.13551371e-02, 1.16561982e-02, 1.19814156e-02, 1.22820521e-02,
        1.25985963e-02, 1.29587293e-02, 1.33107718e-02, 1.36817292e-02,
        1.40775728e-02, 1.44748223e-02, 1.48884030e-02, 1.52871663e-02,
        1.57019364e-02, 1.61447694e-02, 1.65942262e-02, 1.70740866e-02,
        1.75863092e-02, 1.81138985e-02, 1.86573154e-02, 1.92170349e-02,
        1.97935459e-02, 2.03873523e-02, 2.09989729e-02, 2.16289420e-02,
        2.22778103e-02, 2.29461446e-02, 2.36345290e-02, 2.43435648e-02,
        2.50738718e-02, 2.58260879e-02, 2.66008706e-02, 2.73988967e-02,
        2.82208636e-02, 2.90674895e-02, 2.99395142e-02, 3.08376996e-02,
        3.17628306e-02, 3.27157155e-02, 3.36971870e-02, 3.47081026e-02,
        3.57493457e-02, 3.68218260e-02],
       [2.07828195e-02, 2.07828195e-02, 2.07620367e-02, 2.07135435e-02,
        2.06581226e-02, 2.06304122e-02, 2.06027018e-02, 2.05542085e-02,
        2.04641496e-02, 2.03948736e-02, 2.03533079e-02, 2.02563214e-02,
        2.01731902e-02, 2.01454797e-02, 2.00900589e-02, 2.00484932e-02,
        2.00277104e-02, 1.99930724e-02, 1.99653620e-02, 1.99030135e-02,
        1.98475927e-02, 1.98129546e-02, 1.97713890e-02, 1.97506062e-02,
        1.97506062e-02, 1.97506062e-02, 1.97506062e-02, 1.97506062e-02,
        1.97506062e-02, 1.97506062e-02, 1.97506062e-02, 1.97506062e-02,
        1.97506062e-02, 1.97506062e-02, 1.97506062e-02, 1.97506062e-02,
        1.97506062e-02, 1.97506062e-02, 1.97506062e-02, 1.97506062e-02,
        1.97506062e-02, 1.97506062e-02, 1.97506062e-02, 1.97506062e-02,
        1.97506062e-02, 1.97506062e-02, 1.97506062e-02, 1.97506062e-02,
        1.97506062e-02, 1.97506062e-02],
       [0.00000000e+00, 0.00000000e+00, 5.40125157e-03, 1.30019775e-02,
        1.57335281e-02, 9.59601180e-03, 1.01280880e-02, 1.60614158e-02,
        2.77950524e-02, 2.41230486e-02, 1.82515704e-02, 3.34530222e-02,
        3.17144547e-02, 1.89073459e-02, 2.66410909e-02, 2.41044089e-02,
        1.95012717e-02, 2.35011633e-02, 2.23658414e-02, 3.19000036e-02,
        3.12967579e-02, 2.69596588e-02, 2.94251713e-02, 2.48220341e-02,
        1.98198397e-02, 1.98198397e-02, 1.98198397e-02, 1.98198397e-02,
        1.98198397e-02, 1.98198397e-02, 1.98198397e-02, 1.98198397e-02,
        1.98198397e-02, 1.98198397e-02, 1.98198397e-02, 1.98198397e-02,
        1.98198397e-02, 1.98198397e-02, 1.98198397e-02, 1.98198397e-02,
        1.98198397e-02, 1.98198397e-02, 1.98198397e-02, 1.98198397e-02,
        1.98198397e-02, 1.98198397e-02, 1.98198397e-02, 1.98198397e-02,
        1.98198397e-02, 1.98198397e-02],
       [0.00000000e+00, 0.00000000e+00, 1.43773075e-02, 3.37029827e-02,
        3.88592595e-02, 2.01053345e-02, 2.03132437e-02, 3.48984603e-02,
        6.40169163e-02, 5.03153135e-02, 3.16653431e-02, 7.03166935e-02,
        6.14595038e-02, 2.37437447e-02, 4.31213971e-02, 3.39523438e-02,
        1.98869000e-02, 2.96277035e-02, 2.50951542e-02, 4.92652425e-02,
        4.49406022e-02, 3.09791130e-02, 3.60314353e-02, 2.19659915e-02,
        7.74461591e-03, 7.74461591e-03, 7.74461591e-03, 7.74461591e-03,
        7.74461591e-03, 7.74461591e-03, 7.74461591e-03, 7.74461591e-03,
        7.74461591e-03, 7.74461591e-03, 7.74461591e-03, 7.74461591e-03,
        7.74461591e-03, 7.74461591e-03, 7.74461591e-03, 7.74461591e-03,
        7.74461591e-03, 7.74461591e-03, 7.74461591e-03, 7.74461591e-03,
        7.74461591e-03, 7.74461591e-03, 7.74461591e-03, 7.74461591e-03,
        7.74461591e-03, 7.74461591e-03],
       [0.00000000e+00, 0.00000000e+00, 2.01267437e-02, 4.69626047e-02,
        5.36719923e-02, 2.68368746e-02, 2.68371449e-02, 4.69641589e-02,
        8.72181193e-02, 6.70922541e-02, 4.02572716e-02, 9.39289935e-02,
        8.05121105e-02, 2.68416049e-02, 5.36775334e-02, 4.02602449e-02,
        2.01339066e-02, 3.35519385e-02, 2.68433618e-02, 6.03882049e-02,
        5.36798985e-02, 3.35536954e-02, 4.02629479e-02, 2.01366096e-02,
        1.00686765e-05, 1.00686765e-05, 1.00686765e-05, 1.00686765e-05,
        1.00686765e-05, 1.00686765e-05, 1.00686765e-05, 1.00686765e-05,
        1.00686765e-05, 1.00686765e-05, 1.00686765e-05, 1.00686765e-05,
        1.00686765e-05, 1.00686765e-05, 1.00686765e-05, 1.00686765e-05,
        1.00686765e-05, 1.00686765e-05, 1.00686765e-05, 1.00686765e-05,
        1.00686765e-05, 1.00686765e-05, 1.00686765e-05, 1.00686765e-05,
        1.00686765e-05, 1.00686765e-05]]))])