OrderedDict([('tech_stage', array([[0, 0, 0, ..., 2, 2, 2],
       [0, 0, 0, ..., 2, 2, 2],
       [0, 0, 1, ..., 2, 2, 2],
       ...,
       [0, 0, 0, ..., 2, 2, 2],
       [0, 0, 0, ..., 2, 2, 2],
       [0, 0, 0, ..., 2, 2, 2]])), ('res_plants', array([[0, 0, 0, ..., 0, 0, 0],
       [0, 0, 0, ..., 0, 0, 0],
       [0, 0, 0, ..., 0, 0, 0],
       ...,
       [0, 0, 0, ..., 0, 0, 0],
       [0, 0, 0, ..., 0, 0, 0],
       [0, 0, 0, ..., 0, 0, 0]])), ('res_penetration', array([[0., 0., 0., ..., 0., 0., 0.],
       [0., 0., 0., ..., 0., 0., 0.],
       [0., 0., 0., ..., 0., 0., 0.],
       ...,
       [0., 0., 0., ..., 0., 0., 0.],
       [0., 0., 0., ..., 0., 0., 0.],
       [0., 0., 0., ..., 0., 0., 0.]])), ('tax_level', array([[ 0.  ,  0.  ,  0.  , ..., -4.73, -4.73, -4.73],
       [ 0.  ,  0.  ,  0.  , ..., -4.73, -4.73, -4.73],
       [ 0.  ,  0.  ,  0.  , ..., -4.73, -4.73, -4.73],
       ...,
       [ 0.  ,  0.  ,  0.  , ..., -4.73, -4.73, -4.73],
       [ 0.  ,  0.  ,  0.  , ..., -4.73, -4.73, -4.73],
       [ 0.  ,  0.  ,  0.  , ..., -4.73, -4.73, -4.73]])), ('tax_adjustment', array([[ 0,  0,  0, ..., -1, -1, -1],
       [ 0,  0,  0, ..., -1, -1, -1],
       [ 0,  0,  0, ..., -1, -1, -1],
       ...,
       [ 0,  0,  0, ..., -1, -1, -1],
       [ 0,  0,  0, ..., -1, -1, -1],
       [ 0,  0,  0, ..., -1, -1, -1]])), ('co2_price', array([[23.63      , 24.3389    , 25.069067  , ..., 75.82481604,
        78.09956052, 80.44254733],
       [23.63      , 24.3389    , 25.069067  , ..., 75.82481604,
        78.09956052, 80.44254733],
       [23.63      , 24.3389    , 25.069067  , ..., 75.82481604,
        78.09956052, 80.44254733],
       ...,
       [23.63      , 24.3389    , 25.069067  , ..., 75.82481604,
        78.09956052, 80.44254733],
       [23.63      , 24.3389    , 25.069067  , ..., 75.82481604,
        78.09956052, 80.44254733],
       [23.63      , 24.3389    , 25.069067  , ..., 75.82481604,
        78.09956052, 80.44254733]])), ('co2_tax', array([[1.22957287e+08, 1.26646006e+08, 1.30445386e+08, ...,
        3.94549881e+08, 4.06386377e+08, 4.18577968e+08],
       [1.22957287e+08, 1.26646006e+08, 1.30445386e+08, ...,
        3.94549881e+08, 4.06386377e+08, 4.18577968e+08],
       [1.22957287e+08, 1.26646006e+08, 1.30445386e+08, ...,
        3.94549881e+08, 4.06386377e+08, 4.18577968e+08],
       ...,
       [1.22957287e+08, 1.26646006e+08, 1.30445386e+08, ...,
        3.94549881e+08, 4.06386377e+08, 4.18577968e+08],
       [1.22957287e+08, 1.26646006e+08, 1.30445386e+08, ...,
        3.94549881e+08, 4.06386377e+08, 4.18577968e+08],
       [1.22957287e+08, 1.26646006e+08, 1.30445386e+08, ...,
        3.94549881e+08, 4.06386377e+08, 4.18577968e+08]])), ('co2_emissions', array([[5203440., 5203440., 5203440., ..., 5203440., 5203440., 5203440.],
       [5203440., 5203440., 5203440., ..., 5203440., 5203440., 5203440.],
       [5203440., 5203440., 5203440., ..., 5203440., 5203440., 5203440.],
       ...,
       [5203440., 5203440., 5203440., ..., 5203440., 5203440., 5203440.],
       [5203440., 5203440., 5203440., ..., 5203440., 5203440., 5203440.],
       [5203440., 5203440., 5203440., ..., 5203440., 5203440., 5203440.]])), ('cost_total', array([[5.87883037e+08, 5.91571756e+08, 5.95371136e+08, ...,
        8.59475631e+08, 8.71312127e+08, 8.83503718e+08],
       [5.87883037e+08, 5.91571756e+08, 5.95371136e+08, ...,
        8.59475631e+08, 8.71312127e+08, 8.83503718e+08],
       [5.87883037e+08, 5.91571756e+08, 5.95371136e+08, ...,
        8.59475631e+08, 8.71312127e+08, 8.83503718e+08],
       ...,
       [5.87883037e+08, 5.91571756e+08, 5.95371136e+08, ...,
        8.59475631e+08, 8.71312127e+08, 8.83503718e+08],
       [5.87883037e+08, 5.91571756e+08, 5.95371136e+08, ...,
        8.59475631e+08, 8.71312127e+08, 8.83503718e+08],
       [5.87883037e+08, 5.91571756e+08, 5.95371136e+08, ...,
        8.59475631e+08, 8.71312127e+08, 8.83503718e+08]])), ('cost_breakdown', array([[1.22957287e+08, 1.26646006e+08, 1.30445386e+08, 1.34358748e+08,
        1.38389510e+08, 1.42541195e+08, 1.46817431e+08, 1.51221954e+08,
        1.55758613e+08, 1.60431371e+08, 1.65244312e+08, 1.70201642e+08,
        1.75307691e+08, 1.80566922e+08, 1.85983929e+08, 1.53218331e+08,
        1.57814880e+08, 1.62549327e+08, 1.67425807e+08, 1.72448581e+08,
        1.77622038e+08, 1.82950699e+08, 1.88439220e+08, 1.94092397e+08,
        1.99915169e+08, 2.05912624e+08, 2.12090003e+08, 2.18452703e+08,
        2.25006284e+08, 2.31756472e+08, 2.38709167e+08, 2.45870442e+08,
        2.53246555e+08, 2.60843951e+08, 2.68669270e+08, 2.76729348e+08,
        2.85031229e+08, 2.93582165e+08, 3.02389630e+08, 3.11461319e+08,
        3.20805159e+08, 3.30429314e+08, 3.40342193e+08, 3.50552459e+08,
        3.61069033e+08, 3.71901104e+08, 3.83058137e+08, 3.94549881e+08,
        4.06386377e+08, 4.18577968e+08],
       [4.64925750e+08, 4.64925750e+08, 4.64925750e+08, 4.64925750e+08,
        4.64925750e+08, 4.64925750e+08, 4.64925750e+08, 4.64925750e+08,
        4.64925750e+08, 4.64925750e+08, 4.64925750e+08, 4.64925750e+08,
        4.64925750e+08, 4.64925750e+08, 4.64925750e+08, 4.64925750e+08,
        4.64925750e+08, 4.64925750e+08, 4.64925750e+08, 4.64925750e+08,
        4.64925750e+08, 4.64925750e+08, 4.64925750e+08, 4.64925750e+08,
        4.64925750e+08, 4.64925750e+08, 4.64925750e+08, 4.64925750e+08,
        4.64925750e+08, 4.64925750e+08, 4.64925750e+08, 4.64925750e+08,
        4.64925750e+08, 4.64925750e+08, 4.64925750e+08, 4.64925750e+08,
        4.64925750e+08, 4.64925750e+08, 4.64925750e+08, 4.64925750e+08,
        4.64925750e+08, 4.64925750e+08, 4.64925750e+08, 4.64925750e+08,
        4.64925750e+08, 4.64925750e+08, 4.64925750e+08, 4.64925750e+08,
        4.64925750e+08, 4.64925750e+08],
       [0.00000000e+00, 0.00000000e+00, 0.00000000e+00, 0.00000000e+00,
        0.00000000e+00, 0.00000000e+00, 0.00000000e+00, 0.00000000e+00,
        0.00000000e+00, 0.00000000e+00, 0.00000000e+00, 0.00000000e+00,
        0.00000000e+00, 0.00000000e+00, 0.00000000e+00, 0.00000000e+00,
        0.00000000e+00, 0.00000000e+00, 0.00000000e+00, 0.00000000e+00,
        0.00000000e+00, 0.00000000e+00, 0.00000000e+00, 0.00000000e+00,
        0.00000000e+00, 0.00000000e+00, 0.00000000e+00, 0.00000000e+00,
        0.00000000e+00, 0.00000000e+00, 0.00000000e+00, 0.00000000e+00,
        0.00000000e+00, 0.00000000e+00, 0.00000000e+00, 0.00000000e+00,
        0.00000000e+00, 0.00000000e+00, 0.00000000e+00, 0.00000000e+00,
        0.00000000e+00, 0.00000000e+00, 0.00000000e+00, 0.00000000e+00,
        0.00000000e+00, 0.00000000e+00, 0.00000000e+00, 0.00000000e+00,
        0.00000000e+00, 0.00000000e+00],
       [0.00000000e+00, 0.00000000e+00, 0.00000000e+00, 0.00000000e+00,
        0.00000000e+00, 0.00000000e+00, 0.00000000e+00, 0.00000000e+00,
        0.00000000e+00, 0.00000000e+00, 0.00000000e+00, 0.00000000e+00,
        0.00000000e+00, 0.00000000e+00, 0.00000000e+00, 0.00000000e+00,
        0.00000000e+00, 0.00000000e+00, 0.00000000e+00, 0.00000000e+00,
        0.00000000e+00, 0.00000000e+00, 0.00000000e+00, 0.00000000e+00,
        0.00000000e+00, 0.00000000e+00, 0.00000000e+00, 0.00000000e+00,
        0.00000000e+00, 0.00000000e+00, 0.00000000e+00, 0.00000000e+00,
        0.00000000e+00, 0.00000000e+00, 0.00000000e+00, 0.00000000e+00,
        0.00000000e+00, 0.00000000e+00, 0.00000000e+00, 0.00000000e+00,
        0.00000000e+00, 0.00000000e+00, 0.00000000e+00, 0.00000000e+00,
        0.00000000e+00, 0.00000000e+00, 0.00000000e+00, 0.00000000e+00,
        0.00000000e+00, 0.00000000e+00],
       [0.00000000e+00, 0.00000000e+00, 0.00000000e+00, 0.00000000e+00,
        0.00000000e+00, 0.00000000e+00, 0.00000000e+00, 0.00000000e+00,
        0.00000000e+00, 0.00000000e+00, 0.00000000e+00, 0.00000000e+00,
        0.00000000e+00, 0.00000000e+00, 0.00000000e+00, 0.00000000e+00,
        0.00000000e+00, 0.00000000e+00, 0.00000000e+00, 0.00000000e+00,
        0.00000000e+00, 0.00000000e+00, 0.00000000e+00, 0.00000000e+00,
        0.00000000e+00, 0.00000000e+00, 0.00000000e+00, 0.00000000e+00,
        0.00000000e+00, 0.00000000e+00, 0.00000000e+00, 0.00000000e+00,
        0.00000000e+00, 0.00000000e+00, 0.00000000e+00, 0.00000000e+00,
        0.00000000e+00, 0.00000000e+00, 0.00000000e+00, 0.00000000e+00,
        0.00000000e+00, 0.00000000e+00, 0.00000000e+00, 0.00000000e+00,
        0.00000000e+00, 0.00000000e+00, 0.00000000e+00, 0.00000000e+00,
        0.00000000e+00, 0.00000000e+00]])), ('cost_percent', array([[0.01064494, 0.01096429, 0.01129322, 0.01163202, 0.01198098,
        0.01234041, 0.01271062, 0.01309194, 0.01348469, 0.01388923,
        0.01430591, 0.01473509, 0.01517714, 0.01563246, 0.01610143,
        0.01326477, 0.01366271, 0.0140726 , 0.01449477, 0.01492962,
        0.0153775 , 0.01583883, 0.01631399, 0.01680341, 0.01730752,
        0.01782674, 0.01836154, 0.01891239, 0.01947976, 0.02006416,
        0.02066608, 0.02128606, 0.02192464, 0.02258238, 0.02325986,
        0.02395765, 0.02467638, 0.02541667, 0.02617917, 0.02696455,
        0.02777348, 0.02860669, 0.02946489, 0.03034884, 0.0312593 ,
        0.03219708, 0.03316299, 0.03415788, 0.03518262, 0.0362381 ],
       [0.02      , 0.02      , 0.02      , 0.02      , 0.02      ,
        0.02      , 0.02      , 0.02      , 0.02      , 0.02      ,
        0.02      , 0.02      , 0.02      , 0.02      , 0.02      ,
        0.02      , 0.02      , 0.02      , 0.02      , 0.02      ,
        0.02      , 0.02      , 0.02      , 0.02      , 0.02      ,
        0.02      , 0.02      , 0.02      , 0.02      , 0.02      ,
        0.02      , 0.02      , 0.02      , 0.02      , 0.02      ,
        0.02      , 0.02      , 0.02      , 0.02      , 0.02      ,
        0.02      , 0.02      , 0.02      , 0.02      , 0.02      ,
        0.02      , 0.02      , 0.02      , 0.02      , 0.02      ],
       [       nan,        nan,        nan,        nan,        nan,
               nan,        nan,        nan,        nan,        nan,
               nan,        nan,        nan,        nan,        nan,
               nan,        nan,        nan,        nan,        nan,
               nan,        nan,        nan,        nan,        nan,
               nan,        nan,        nan,        nan,        nan,
               nan,        nan,        nan,        nan,        nan,
               nan,        nan,        nan,        nan,        nan,
               nan,        nan,        nan,        nan,        nan,
               nan,        nan,        nan,        nan,        nan],
       [       nan,        nan,        nan,        nan,        nan,
               nan,        nan,        nan,        nan,        nan,
               nan,        nan,        nan,        nan,        nan,
               nan,        nan,        nan,        nan,        nan,
               nan,        nan,        nan,        nan,        nan,
               nan,        nan,        nan,        nan,        nan,
               nan,        nan,        nan,        nan,        nan,
               nan,        nan,        nan,        nan,        nan,
               nan,        nan,        nan,        nan,        nan,
               nan,        nan,        nan,        nan,        nan],
       [       nan,        nan,        nan,        nan,        nan,
               nan,        nan,        nan,        nan,        nan,
               nan,        nan,        nan,        nan,        nan,
               nan,        nan,        nan,        nan,        nan,
               nan,        nan,        nan,        nan,        nan,
               nan,        nan,        nan,        nan,        nan,
               nan,        nan,        nan,        nan,        nan,
               nan,        nan,        nan,        nan,        nan,
               nan,        nan,        nan,        nan,        nan,
               nan,        nan,        nan,        nan,        nan]]))])