OrderedDict([('tech_stage', array([[0, 0, 0, ..., 2, 2, 2],
       [0, 0, 0, ..., 2, 2, 2],
       [0, 0, 0, ..., 2, 2, 2],
       ...,
       [0, 0, 0, ..., 2, 2, 2],
       [0, 0, 0, ..., 2, 2, 2],
       [0, 0, 1, ..., 2, 2, 2]])), ('res_plants', array([[0, 0, 0, ..., 1, 1, 1],
       [0, 0, 0, ..., 1, 1, 1],
       [0, 0, 0, ..., 1, 1, 1],
       ...,
       [0, 0, 0, ..., 0, 0, 0],
       [0, 0, 0, ..., 1, 1, 1],
       [0, 0, 0, ..., 1, 1, 1]])), ('res_penetration', array([[0.        , 0.        , 0.        , ..., 0.06666667, 0.06666667,
        0.06666667],
       [0.        , 0.        , 0.        , ..., 0.        , 0.        ,
        0.        ],
       [0.        , 0.        , 0.        , ..., 0.06666667, 0.06666667,
        0.06666667],
       ...,
       [0.        , 0.        , 0.        , ..., 0.06666667, 0.06666667,
        0.06666667],
       [0.        , 0.        , 0.        , ..., 0.06666667, 0.06666667,
        0.06666667],
       [0.        , 0.        , 0.        , ..., 0.06666667, 0.06666667,
        0.06666667]])), ('tax_level', array([[ 0.  ,  0.  ,  0.  , ..., -8.37, -8.37, -8.37],
       [ 0.  ,  0.  ,  0.  , ..., -8.37, -8.37, -8.37],
       [ 0.  ,  0.  ,  0.  , ..., -8.37, -8.37, -8.37],
       ...,
       [ 0.  ,  0.  ,  0.  , ..., -8.37, -8.37, -8.37],
       [ 0.  ,  0.  ,  0.  , ..., -8.37, -8.37, -8.37],
       [ 0.  ,  0.  ,  0.  , ..., -8.37, -8.37, -8.37]])), ('tax_adjustment', array([[ 0,  0,  0, ..., -1, -1, -1],
       [ 0,  0,  0, ..., -1, -1, -1],
       [ 0,  0,  0, ..., -1, -1, -1],
       ...,
       [ 0,  0,  0, ..., -1, -1, -1],
       [ 0,  0,  0, ..., -1, -1, -1],
       [ 0,  0,  0, ..., -1, -1, -1]])), ('co2_price', array([[ 41.84      ,  43.0952    ,  44.388056  , ..., 134.2781266 ,
        138.3064704 , 142.45566451],
       [ 41.84      ,  43.0952    ,  44.388056  , ..., 134.2781266 ,
        138.3064704 , 142.45566451],
       [ 41.84      ,  43.0952    ,  44.388056  , ..., 134.2781266 ,
        138.3064704 , 142.45566451],
       ...,
       [ 41.84      ,  43.0952    ,  44.388056  , ..., 134.2781266 ,
        138.3064704 , 142.45566451],
       [ 41.84      ,  43.0952    ,  44.388056  , ..., 134.2781266 ,
        138.3064704 , 142.45566451],
       [ 41.84      ,  43.0952    ,  44.388056  , ..., 134.2781266 ,
        138.3064704 , 142.45566451]])), ('co2_tax', array([[2.17711930e+08, 2.24243287e+08, 2.30970586e+08, ...,
        6.98708175e+08, 7.19669420e+08, 7.41259503e+08],
       [2.17711930e+08, 2.24243287e+08, 2.30970586e+08, ...,
        6.52127630e+08, 6.71691459e+08, 6.91842203e+08],
       [2.17711930e+08, 2.24243287e+08, 2.30970586e+08, ...,
        6.52127630e+08, 6.71691459e+08, 6.91842203e+08],
       ...,
       [2.17711930e+08, 2.24243287e+08, 2.30970586e+08, ...,
        6.52127630e+08, 6.71691459e+08, 6.91842203e+08],
       [2.17711930e+08, 2.24243287e+08, 2.30970586e+08, ...,
        6.52127630e+08, 6.71691459e+08, 6.91842203e+08],
       [2.17711930e+08, 2.24243287e+08, 2.30970586e+08, ...,
        6.52127630e+08, 6.71691459e+08, 6.91842203e+08]])), ('co2_emissions', array([[5203440., 5203440., 5203440., ..., 4856544., 4856544., 4856544.],
       [5203440., 5203440., 5203440., ..., 4856544., 4856544., 4856544.],
       [5203440., 5203440., 5203440., ..., 5203440., 5203440., 5203440.],
       ...,
       [5203440., 5203440., 5203440., ..., 5203440., 5203440., 5203440.],
       [5203440., 5203440., 5203440., ..., 4856544., 4856544., 4856544.],
       [5203440., 5203440., 5203440., ..., 4856544., 4856544., 4856544.]])), ('cost_total', array([[6.82637680e+08, 6.89169037e+08, 6.95896336e+08, ...,
        1.16363393e+09, 1.18459517e+09, 1.20618525e+09],
       [6.82637680e+08, 6.89169037e+08, 6.95896336e+08, ...,
        1.09418055e+09, 1.11374438e+09, 1.13389513e+09],
       [6.82637680e+08, 6.89169037e+08, 6.95896336e+08, ...,
        1.09418055e+09, 1.11374438e+09, 1.13389513e+09],
       ...,
       [6.82637680e+08, 6.89169037e+08, 6.95896336e+08, ...,
        1.16363393e+09, 1.18459517e+09, 1.20618525e+09],
       [6.82637680e+08, 6.89169037e+08, 6.95896336e+08, ...,
        1.09418055e+09, 1.11374438e+09, 1.13389513e+09],
       [6.82637680e+08, 6.89169037e+08, 6.95896336e+08, ...,
        1.09418055e+09, 1.11374438e+09, 1.13389513e+09]])), ('cost_breakdown', array([[2.17711930e+08, 2.24243287e+08, 2.30662625e+08, 2.37027405e+08,
        2.43648154e+08, 2.49779788e+08, 2.56493304e+08, 2.63831092e+08,
        2.71102512e+08, 2.22238932e+08, 2.28281952e+08, 2.34487539e+08,
        2.40942777e+08, 2.47233278e+08, 2.53947793e+08, 2.61204448e+08,
        2.68854265e+08, 2.76344176e+08, 2.84041513e+08, 2.92359166e+08,
        3.00500839e+08, 3.09407868e+08, 3.17688984e+08, 3.26646790e+08,
        3.36446193e+08, 3.46539579e+08, 3.56935767e+08, 3.67643840e+08,
        3.78673155e+08, 3.90033349e+08, 4.01734350e+08, 4.13786380e+08,
        4.26199972e+08, 4.38985971e+08, 4.52155550e+08, 4.65720217e+08,
        4.79691823e+08, 4.94082578e+08, 5.08905055e+08, 5.24172207e+08,
        5.39897373e+08, 5.56094294e+08, 5.72777123e+08, 5.89960437e+08,
        6.07659250e+08, 6.25889027e+08, 6.44665698e+08, 6.64005669e+08,
        6.83925839e+08, 7.04443614e+08],
       [4.64925750e+08, 4.64925750e+08, 4.64305849e+08, 4.63221022e+08,
        4.62291171e+08, 4.60121517e+08, 4.58726740e+08, 4.58106839e+08,
        4.57022012e+08, 4.54697384e+08, 4.53457582e+08, 4.52217780e+08,
        4.51132953e+08, 4.49428225e+08, 4.48188423e+08, 4.47568522e+08,
        4.47258572e+08, 4.46328720e+08, 4.45398868e+08, 4.45088918e+08,
        4.44159066e+08, 4.44004091e+08, 4.42609314e+08, 4.41834438e+08,
        4.41834438e+08, 4.41834438e+08, 4.41834438e+08, 4.41834438e+08,
        4.41834438e+08, 4.41834438e+08, 4.41834438e+08, 4.41834438e+08,
        4.41834438e+08, 4.41834438e+08, 4.41834438e+08, 4.41834438e+08,
        4.41834438e+08, 4.41834438e+08, 4.41834438e+08, 4.41834438e+08,
        4.41834438e+08, 4.41834438e+08, 4.41834438e+08, 4.41834438e+08,
        4.41834438e+08, 4.41834438e+08, 4.41834438e+08, 4.41834438e+08,
        4.41834438e+08, 4.41834438e+08],
       [0.00000000e+00, 0.00000000e+00, 9.52000000e+05, 1.73633600e+06,
        1.62142400e+06, 3.63092800e+06, 2.68710400e+06, 1.65536000e+06,
        2.43969600e+06, 4.46678400e+06, 3.06454400e+06, 3.20521600e+06,
        3.10788800e+06, 4.18297600e+06, 3.66240000e+06, 2.85107200e+06,
        2.44540800e+06, 3.43257600e+06, 3.53808000e+06, 2.69158400e+06,
        3.67875200e+06, 2.59425600e+06, 4.51584000e+06, 3.72209600e+06,
        2.62001600e+06, 2.62001600e+06, 2.62001600e+06, 2.62001600e+06,
        2.62001600e+06, 2.62001600e+06, 2.62001600e+06, 2.62001600e+06,
        2.62001600e+06, 2.62001600e+06, 2.62001600e+06, 2.62001600e+06,
        2.62001600e+06, 2.62001600e+06, 2.62001600e+06, 2.62001600e+06,
        2.62001600e+06, 2.62001600e+06, 2.62001600e+06, 2.62001600e+06,
        2.62001600e+06, 2.62001600e+06, 2.62001600e+06, 2.62001600e+06,
        2.62001600e+06, 2.62001600e+06],
       [0.00000000e+00, 0.00000000e+00, 8.48434848e+06, 1.49396285e+07,
        1.29795740e+07, 3.00862989e+07, 1.98029285e+07, 9.40453487e+06,
        1.58598149e+07, 3.29895444e+07, 1.84870045e+07, 1.86710418e+07,
        1.67339919e+07, 2.53793730e+07, 1.92691629e+07, 1.09688517e+07,
        6.81869614e+06, 1.53490539e+07, 1.54870819e+07, 7.14076138e+06,
        1.56711192e+07, 5.20371154e+06, 2.21954132e+07, 1.39181066e+07,
        3.42769432e+06, 3.42769432e+06, 3.42769432e+06, 3.42769432e+06,
        3.42769432e+06, 3.42769432e+06, 3.42769432e+06, 3.42769432e+06,
        3.42769432e+06, 3.42769432e+06, 3.42769432e+06, 3.42769432e+06,
        3.42769432e+06, 3.42769432e+06, 3.42769432e+06, 3.42769432e+06,
        3.42769432e+06, 3.42769432e+06, 3.42769432e+06, 3.42769432e+06,
        3.42769432e+06, 3.42769432e+06, 3.42769432e+06, 3.42769432e+06,
        3.42769432e+06, 3.42769432e+06],
       [0.00000000e+00, 0.00000000e+00, 8.91694027e+06, 1.56047353e+07,
        1.33756574e+07, 3.12096727e+07, 2.00638117e+07, 8.91783842e+06,
        1.56056334e+07, 3.34396711e+07, 1.78353625e+07, 1.78355421e+07,
        1.56064867e+07, 2.45235841e+07, 1.78361259e+07, 8.91936528e+06,
        4.46098496e+06, 1.33779701e+07, 1.33781049e+07, 4.46129931e+06,
        1.33782845e+07, 2.23224388e+06, 2.00661469e+07, 1.11494087e+07,
        3.34561522e+03, 3.34561522e+03, 3.34561522e+03, 3.34561522e+03,
        3.34561522e+03, 3.34561522e+03, 3.34561522e+03, 3.34561522e+03,
        3.34561522e+03, 3.34561522e+03, 3.34561522e+03, 3.34561522e+03,
        3.34561522e+03, 3.34561522e+03, 3.34561522e+03, 3.34561522e+03,
        3.34561522e+03, 3.34561522e+03, 3.34561522e+03, 3.34561522e+03,
        3.34561522e+03, 3.34561522e+03, 3.34561522e+03, 3.34561522e+03,
        3.34561522e+03, 3.34561522e+03]])), ('cost_percent', array([[1.12816007e-02, 1.16200487e-02, 1.19606711e-02, 1.22989450e-02,
        1.26467508e-02, 1.29956369e-02, 1.33495838e-02, 1.37315714e-02,
        1.40958813e-02, 1.15632861e-02, 1.18697564e-02, 1.21842079e-02,
        1.25239999e-02, 1.28820490e-02, 1.32321085e-02, 1.36056380e-02,
        1.39751883e-02, 1.43546666e-02, 1.47545786e-02, 1.51761160e-02,
        1.56150998e-02, 1.60443792e-02, 1.65084183e-02, 1.69917967e-02,
        1.75015506e-02, 1.80265971e-02, 1.85673951e-02, 1.91244169e-02,
        1.96981494e-02, 2.02890939e-02, 2.08977667e-02, 2.15246997e-02,
        2.21704407e-02, 2.28355539e-02, 2.35206206e-02, 2.42262392e-02,
        2.49530263e-02, 2.57016171e-02, 2.64726657e-02, 2.72668456e-02,
        2.80848510e-02, 2.89273965e-02, 2.97952184e-02, 3.06890750e-02,
        3.16097472e-02, 3.25580396e-02, 3.35347808e-02, 3.45408242e-02,
        3.55770490e-02, 3.66443604e-02],
       [2.07275365e-02, 2.07275365e-02, 2.07137182e-02, 2.06791723e-02,
        2.06446264e-02, 2.05962621e-02, 2.05409887e-02, 2.05133520e-02,
        2.04442602e-02, 2.03544409e-02, 2.02853491e-02, 2.02162573e-02,
        2.01748022e-02, 2.01471655e-02, 2.00918921e-02, 2.00573462e-02,
        2.00020728e-02, 1.99467993e-02, 1.99053442e-02, 1.98777075e-02,
        1.98569800e-02, 1.98086157e-02, 1.97878882e-02, 1.97740699e-02,
        1.97740699e-02, 1.97740699e-02, 1.97740699e-02, 1.97740699e-02,
        1.97740699e-02, 1.97740699e-02, 1.97740699e-02, 1.97740699e-02,
        1.97740699e-02, 1.97740699e-02, 1.97740699e-02, 1.97740699e-02,
        1.97740699e-02, 1.97740699e-02, 1.97740699e-02, 1.97740699e-02,
        1.97740699e-02, 1.97740699e-02, 1.97740699e-02, 1.97740699e-02,
        1.97740699e-02, 1.97740699e-02, 1.97740699e-02, 1.97740699e-02,
        1.97740699e-02, 1.97740699e-02],
       [0.00000000e+00, 0.00000000e+00, 3.87000780e-03, 9.96094479e-03,
        1.06757580e-02, 1.52605790e-02, 1.81963214e-02, 1.16000069e-02,
        2.37818809e-02, 3.10165190e-02, 2.70700216e-02, 2.84996481e-02,
        2.21892589e-02, 1.91770269e-02, 2.74888931e-02, 2.28275825e-02,
        2.93474074e-02, 3.04911085e-02, 2.77648019e-02, 2.47525699e-02,
        2.33894166e-02, 3.15583201e-02, 2.48190430e-02, 2.33129270e-02,
        1.97288445e-02, 1.97288445e-02, 1.97288445e-02, 1.97288445e-02,
        1.97288445e-02, 1.97288445e-02, 1.97288445e-02, 1.97288445e-02,
        1.97288445e-02, 1.97288445e-02, 1.97288445e-02, 1.97288445e-02,
        1.97288445e-02, 1.97288445e-02, 1.97288445e-02, 1.97288445e-02,
        1.97288445e-02, 1.97288445e-02, 1.97288445e-02, 1.97288445e-02,
        1.97288445e-02, 1.97288445e-02, 1.97288445e-02, 1.97288445e-02,
        1.97288445e-02, 1.97288445e-02],
       [0.00000000e+00, 0.00000000e+00, 1.03302654e-02, 2.59377024e-02,
        2.62177996e-02, 3.68281622e-02, 4.23854310e-02, 2.21730558e-02,
        5.33879297e-02, 6.94435222e-02, 5.46763769e-02, 5.52365713e-02,
        3.51362350e-02, 2.51420863e-02, 4.60266948e-02, 3.09794523e-02,
        4.67549476e-02, 4.72031031e-02, 3.73209933e-02, 2.73268446e-02,
        2.23857897e-02, 4.32143788e-02, 2.29459841e-02, 1.79489097e-02,
        7.73068324e-03, 7.73068324e-03, 7.73068324e-03, 7.73068324e-03,
        7.73068324e-03, 7.73068324e-03, 7.73068324e-03, 7.73068324e-03,
        7.73068324e-03, 7.73068324e-03, 7.73068324e-03, 7.73068324e-03,
        7.73068324e-03, 7.73068324e-03, 7.73068324e-03, 7.73068324e-03,
        7.73068324e-03, 7.73068324e-03, 7.73068324e-03, 7.73068324e-03,
        7.73068324e-03, 7.73068324e-03, 7.73068324e-03, 7.73068324e-03,
        7.73068324e-03, 7.73068324e-03],
       [0.00000000e+00, 0.00000000e+00, 1.44873323e-02, 3.62184766e-02,
        3.62188414e-02, 5.07065385e-02, 5.79507154e-02, 2.89766345e-02,
        7.24389232e-02, 9.41706513e-02, 7.24406013e-02, 7.24413309e-02,
        4.34673960e-02, 2.89805015e-02, 5.79554579e-02, 3.62250431e-02,
        5.79564064e-02, 5.79569901e-02, 4.34702415e-02, 2.89833470e-02,
        2.17399727e-02, 5.07148561e-02, 2.17407023e-02, 1.44972550e-02,
        1.00686529e-05, 1.00686529e-05, 1.00686529e-05, 1.00686529e-05,
        1.00686529e-05, 1.00686529e-05, 1.00686529e-05, 1.00686529e-05,
        1.00686529e-05, 1.00686529e-05, 1.00686529e-05, 1.00686529e-05,
        1.00686529e-05, 1.00686529e-05, 1.00686529e-05, 1.00686529e-05,
        1.00686529e-05, 1.00686529e-05, 1.00686529e-05, 1.00686529e-05,
        1.00686529e-05, 1.00686529e-05, 1.00686529e-05, 1.00686529e-05,
        1.00686529e-05, 1.00686529e-05]]))])