OrderedDict([('tech_stage', array([[0, 0, 0, ..., 2, 2, 2],
       [0, 0, 0, ..., 2, 2, 2],
       [0, 0, 0, ..., 2, 2, 2],
       ...,
       [0, 1, 1, ..., 2, 2, 2],
       [0, 0, 0, ..., 2, 2, 2],
       [0, 0, 0, ..., 2, 2, 2]])), ('res_plants', array([[0, 0, 0, ..., 5, 5, 5],
       [0, 0, 0, ..., 5, 5, 5],
       [0, 0, 0, ..., 5, 5, 5],
       ...,
       [0, 1, 1, ..., 5, 5, 5],
       [0, 0, 0, ..., 5, 5, 5],
       [0, 0, 1, ..., 5, 5, 5]])), ('res_penetration', array([[0.        , 0.        , 0.        , ..., 0.33333333, 0.33333333,
        0.33333333],
       [0.        , 0.        , 0.        , ..., 0.33333333, 0.33333333,
        0.33333333],
       [0.        , 0.        , 0.        , ..., 0.33333333, 0.33333333,
        0.33333333],
       ...,
       [0.        , 0.        , 0.        , ..., 0.33333333, 0.33333333,
        0.33333333],
       [0.        , 0.        , 0.        , ..., 0.33333333, 0.33333333,
        0.33333333],
       [0.        , 0.        , 0.        , ..., 0.33333333, 0.33333333,
        0.33333333]])), ('tax_level', array([[  0.  ,   0.  ,   0.  , ..., -24.64, -24.64, -24.64],
       [  0.  ,   0.  ,   0.  , ..., -24.64, -24.64, -24.64],
       [  0.  ,   0.  ,   0.  , ..., -24.64, -24.64, -24.64],
       ...,
       [  0.  ,   0.  ,   0.  , ..., -24.64, -24.64, -24.64],
       [  0.  ,   0.  ,   0.  , ..., -24.64, -24.64, -24.64],
       [  0.  ,   0.  ,   0.  , ..., -24.64, -24.64, -24.64]])), ('tax_adjustment', array([[ 0,  0,  0, ..., -1, -1, -1],
       [ 0,  0,  0, ..., -1, -1, -1],
       [ 0,  0,  0, ..., -1, -1, -1],
       ...,
       [ 0,  0,  0, ..., -1, -1, -1],
       [ 0,  0,  0, ..., -1, -1, -1],
       [ 0,  0,  0, ..., -1, -1, -1]])), ('co2_price', array([[123.18      , 126.8754    , 130.681662  , ..., 395.3321361 ,
        407.19210018, 419.40786319],
       [123.18      , 126.8754    , 130.681662  , ..., 395.3321361 ,
        407.19210018, 419.40786319],
       [123.18      , 126.8754    , 130.681662  , ..., 395.3321361 ,
        407.19210018, 419.40786319],
       ...,
       [123.18      , 126.8754    , 130.681662  , ..., 395.3321361 ,
        407.19210018, 419.40786319],
       [123.18      , 126.8754    , 130.681662  , ..., 395.3321361 ,
        407.19210018, 419.40786319],
       [123.18      , 126.8754    , 130.681662  , ..., 395.3321361 ,
        407.19210018, 419.40786319]])), ('co2_tax', array([[6.40959739e+08, 6.60188531e+08, 6.79994187e+08, ...,
        1.37139137e+09, 1.41253311e+09, 1.45490910e+09],
       [6.40959739e+08, 6.60188531e+08, 6.79994187e+08, ...,
        1.37139137e+09, 1.41253311e+09, 1.45490910e+09],
       [6.40959739e+08, 6.60188531e+08, 6.79994187e+08, ...,
        1.37139137e+09, 1.41253311e+09, 1.45490910e+09],
       ...,
       [6.40959739e+08, 6.60188531e+08, 6.79994187e+08, ...,
        1.37139137e+09, 1.41253311e+09, 1.45490910e+09],
       [6.40959739e+08, 6.60188531e+08, 6.79994187e+08, ...,
        1.37139137e+09, 1.41253311e+09, 1.45490910e+09],
       [6.40959739e+08, 6.60188531e+08, 6.79994187e+08, ...,
        1.37139137e+09, 1.41253311e+09, 1.45490910e+09]])), ('co2_emissions', array([[5203440., 5203440., 5203440., ..., 3468960., 3468960., 3468960.],
       [5203440., 5203440., 5203440., ..., 3468960., 3468960., 3468960.],
       [5203440., 5203440., 5203440., ..., 3468960., 3468960., 3468960.],
       ...,
       [5203440., 5203440., 5203440., ..., 3468960., 3468960., 3468960.],
       [5203440., 5203440., 5203440., ..., 3468960., 3468960., 3468960.],
       [5203440., 5203440., 5203440., ..., 3468960., 3468960., 3468960.]])), ('cost_total', array([[1.10588549e+09, 1.12511428e+09, 1.14491994e+09, ...,
        1.73100699e+09, 1.77214873e+09, 1.81452472e+09],
       [1.10588549e+09, 2.13132906e+09, 1.07769656e+09, ...,
        1.73100699e+09, 1.77214873e+09, 1.81452472e+09],
       [1.10588549e+09, 1.12511428e+09, 2.14981434e+09, ...,
        1.73100699e+09, 1.77214873e+09, 1.81452472e+09],
       ...,
       [1.10588549e+09, 1.12511428e+09, 1.14491994e+09, ...,
        1.73100699e+09, 1.77214873e+09, 1.81452472e+09],
       [1.10588549e+09, 1.12511428e+09, 1.14491994e+09, ...,
        1.73100699e+09, 1.77214873e+09, 1.81452472e+09],
       [1.10588549e+09, 1.12511428e+09, 1.14491994e+09, ...,
        1.88709740e+09, 1.93235331e+09, 1.97896691e+09]])), ('cost_breakdown', array([[6.40959739e+08, 6.53806709e+08, 6.65034315e+08, 6.75880222e+08,
        6.68743207e+08, 6.78898197e+08, 6.92887314e+08, 5.64609831e+08,
        5.75918844e+08, 5.87844261e+08, 6.02263840e+08, 6.03297473e+08,
        6.00926869e+08, 6.09667845e+08, 6.20460648e+08, 6.25760416e+08,
        6.34110989e+08, 6.43811900e+08, 6.58179725e+08, 6.56046896e+08,
        6.73258762e+08, 6.85507688e+08, 7.03780474e+08, 7.17135601e+08,
        7.32743251e+08, 7.50789095e+08, 7.59674745e+08, 7.80946375e+08,
        8.00073296e+08, 8.21658852e+08, 8.45064046e+08, 8.69561361e+08,
        8.93887714e+08, 9.20704346e+08, 9.48325476e+08, 9.76294307e+08,
        1.00558314e+09, 1.03473019e+09, 1.06577209e+09, 1.09666267e+09,
        1.12956255e+09, 1.16344942e+09, 1.19835290e+09, 1.23430349e+09,
        1.27133260e+09, 1.30947257e+09, 1.34875675e+09, 1.38921945e+09,
        1.43089604e+09, 1.47382292e+09],
       [4.64925750e+08, 4.60431468e+08, 4.54697384e+08, 4.48653349e+08,
        4.30986170e+08, 4.24787160e+08, 4.20912779e+08, 4.16263522e+08,
        4.12234165e+08, 4.08514759e+08, 4.06345106e+08, 3.95186888e+08,
        3.82168966e+08, 3.76434882e+08, 3.71940600e+08, 3.64191838e+08,
        3.58302778e+08, 3.53188595e+08, 3.50554016e+08, 3.39240822e+08,
        3.38001020e+08, 3.34126639e+08, 3.33041812e+08, 3.29477382e+08,
        3.26842802e+08, 3.25138074e+08, 3.19403990e+08, 3.18784089e+08,
        3.17079362e+08, 3.16149510e+08, 3.15684584e+08, 3.15374634e+08,
        3.14754733e+08, 3.14754733e+08, 3.14754733e+08, 3.14599758e+08,
        3.14599758e+08, 3.14289807e+08, 3.14289807e+08, 3.13979856e+08,
        3.13979856e+08, 3.13979856e+08, 3.13979856e+08, 3.13979856e+08,
        3.13979856e+08, 3.13979856e+08, 3.13979856e+08, 3.13979856e+08,
        3.13979856e+08, 3.13979856e+08],
       [0.00000000e+00, 1.04632000e+07, 1.21354240e+07, 1.28445120e+07,
        3.93033440e+07, 1.74282080e+07, 1.25427360e+07, 1.45161760e+07,
        1.39836320e+07, 1.36111520e+07, 1.10735520e+07, 2.52023200e+07,
        3.40644480e+07, 2.01901280e+07, 1.86714880e+07, 2.40811840e+07,
        2.12889920e+07, 2.19362400e+07, 1.74903360e+07, 3.79547680e+07,
        1.68719520e+07, 2.20459360e+07, 1.74794720e+07, 2.20589440e+07,
        2.02396320e+07, 1.90663520e+07, 2.85963680e+07, 1.78956320e+07,
        2.05554240e+07, 1.90676480e+07, 1.79286560e+07, 1.77041120e+07,
        1.85640320e+07, 1.73287040e+07, 1.73287040e+07, 1.74930240e+07,
        1.72333120e+07, 1.79549120e+07, 1.72390080e+07, 1.79409600e+07,
        1.72054080e+07, 1.72054080e+07, 1.72054080e+07, 1.72054080e+07,
        1.72054080e+07, 1.71759360e+07, 1.71759360e+07, 1.71759360e+07,
        1.71759360e+07, 1.71759360e+07],
       [0.00000000e+00, 8.16662311e+07, 1.06256226e+08, 1.13425437e+08,
        3.75452407e+08, 1.32197781e+08, 8.19496681e+07, 9.73785166e+07,
        8.53955639e+07, 8.01543562e+07, 5.04802627e+07, 2.61976281e+08,
        2.87008631e+08, 1.37999523e+08, 1.12781285e+08, 1.85013924e+08,
        1.48095886e+08, 1.29075373e+08, 7.92821350e+07, 2.91341644e+08,
        5.43875932e+07, 1.13678128e+08, 5.09253632e+07, 1.07499875e+08,
        8.84313646e+07, 6.71845770e+07, 1.83797075e+08, 4.55294984e+07,
        7.05779606e+07, 5.26111957e+07, 4.23385976e+07, 3.85391695e+07,
        4.46299917e+07, 3.08936751e+07, 3.08936751e+07, 3.42603607e+07,
        3.09301892e+07, 3.70311942e+07, 3.09800286e+07, 3.70810336e+07,
        3.10298679e+07, 3.10298679e+07, 3.10298679e+07, 3.10298679e+07,
        3.10298679e+07, 3.10298679e+07, 3.10298679e+07, 3.10298679e+07,
        3.10298679e+07, 3.10298679e+07],
       [0.00000000e+00, 6.46478169e+07, 9.49040608e+07, 1.04332172e+08,
        3.23693603e+08, 1.10417003e+08, 7.05302729e+07, 8.37903537e+07,
        7.10190144e+07, 6.69324068e+07, 3.86722922e+07, 2.59802510e+08,
        2.49580397e+08, 1.20455571e+08, 9.42289467e+07, 1.69123666e+08,
        1.33238297e+08, 1.03892176e+08, 5.83469147e+07, 2.25739500e+08,
        3.06877588e+07, 8.49400376e+07, 2.32202875e+07, 7.72753389e+07,
        6.15502374e+07, 3.85534942e+07, 1.30550797e+08, 1.65388855e+07,
        3.52141725e+07, 1.96857995e+07, 1.24121595e+07, 8.28483945e+06,
        1.20204177e+07, 3.01538995e+04, 3.01538995e+04, 3.56849679e+06,
        3.01895391e+04, 4.85980700e+06, 3.02381851e+04, 4.85985564e+06,
        3.02868310e+04, 3.02868310e+04, 3.02868310e+04, 3.02868310e+04,
        3.02868310e+04, 3.02868310e+04, 3.02868310e+04, 3.02868310e+04,
        3.02868310e+04, 3.02868310e+04]])), ('cost_percent', array([[1.50489984e-02, 1.53764646e-02, 1.56887474e-02, 1.59785209e-02,
        1.56505090e-02, 1.58408896e-02, 1.61304336e-02, 1.31428769e-02,
        1.34100775e-02, 1.37024253e-02, 1.39517079e-02, 1.38869918e-02,
        1.38573292e-02, 1.40550050e-02, 1.41731613e-02, 1.42857575e-02,
        1.45791001e-02, 1.48970842e-02, 1.51322140e-02, 1.51921280e-02,
        1.55754144e-02, 1.59680250e-02, 1.63086612e-02, 1.67187230e-02,
        1.71387106e-02, 1.75604485e-02, 1.78276362e-02, 1.83089823e-02,
        1.88398893e-02, 1.93861727e-02, 1.99482771e-02, 2.05467254e-02,
        2.10907923e-02, 2.17022289e-02, 2.23204072e-02, 2.29900194e-02,
        2.36797200e-02, 2.43661527e-02, 2.50971373e-02, 2.58373425e-02,
        2.66124627e-02, 2.73838707e-02, 2.82053868e-02, 2.90515485e-02,
        2.99230949e-02, 3.08207878e-02, 3.17454114e-02, 3.26977737e-02,
        3.36787069e-02, 3.46890681e-02],
       [2.65561929e-02, 2.63437434e-02, 2.60958856e-02, 2.58037674e-02,
        2.45379222e-02, 2.41130232e-02, 2.38386092e-02, 2.35730472e-02,
        2.33517456e-02, 2.31658523e-02, 2.29002903e-02, 2.21301608e-02,
        2.14396997e-02, 2.11121734e-02, 2.06695701e-02, 2.02269669e-02,
        2.00410736e-02, 1.98817364e-02, 1.96073224e-02, 1.91116068e-02,
        1.90230862e-02, 1.89345655e-02, 1.87752284e-02, 1.86867077e-02,
        1.85981871e-02, 1.85008144e-02, 1.82352525e-02, 1.81821401e-02,
        1.81644359e-02, 1.81467318e-02, 1.81290277e-02, 1.81290277e-02,
        1.80670632e-02, 1.80493591e-02, 1.80228029e-02, 1.80228029e-02,
        1.80228029e-02, 1.80050988e-02, 1.80050988e-02, 1.79962467e-02,
        1.79962467e-02, 1.79785426e-02, 1.79785426e-02, 1.79785426e-02,
        1.79785426e-02, 1.79785426e-02, 1.79785426e-02, 1.79785426e-02,
        1.79785426e-02, 1.79785426e-02],
       [0.00000000e+00, 9.24664893e-03, 1.05670130e-02, 1.19281429e-02,
        5.13037980e-02, 2.11274310e-02, 1.49964517e-02, 1.49991854e-02,
        1.46536833e-02, 1.47831569e-02, 1.62793644e-02, 3.11506652e-02,
        3.57054599e-02, 2.23021074e-02, 2.67518436e-02, 2.68304709e-02,
        2.01263258e-02, 1.97477121e-02, 2.30643921e-02, 3.56282678e-02,
        1.89937480e-02, 1.99368310e-02, 2.20948266e-02, 1.95656494e-02,
        1.96747401e-02, 2.04471052e-02, 2.87607003e-02, 2.01822635e-02,
        1.87328360e-02, 1.87284279e-02, 1.87240199e-02, 1.82532814e-02,
        2.03417734e-02, 1.87828622e-02, 1.94469739e-02, 1.83632092e-02,
        1.83422282e-02, 1.90708204e-02, 1.83273297e-02, 1.85552497e-02,
        1.82569377e-02, 1.90274917e-02, 1.83049820e-02, 1.82944915e-02,
        1.82944915e-02, 1.82944915e-02, 1.82735105e-02, 1.82525296e-02,
        1.82525296e-02, 1.82315487e-02],
       [0.00000000e+00, 1.56182295e-02, 1.84777307e-02, 2.20855431e-02,
        1.06257764e-01, 3.67076440e-02, 2.35219593e-02, 2.30124345e-02,
        1.94006965e-02, 1.64719770e-02, 2.31436283e-02, 7.39655029e-02,
        6.15925076e-02, 3.22421753e-02, 4.24065660e-02, 4.32687287e-02,
        2.10897938e-02, 1.88994349e-02, 2.93885899e-02, 5.43246225e-02,
        1.44933368e-02, 1.41188699e-02, 2.09350371e-02, 1.48059893e-02,
        1.48973928e-02, 1.55986241e-02, 3.64567961e-02, 1.20443440e-02,
        8.76294945e-03, 8.78263498e-03, 8.80232052e-03, 7.00695040e-03,
        1.29324156e-02, 8.88012798e-03, 9.38011171e-03, 7.10350871e-03,
        7.10350871e-03, 8.51337337e-03, 7.11502595e-03, 7.78198206e-03,
        7.12225956e-03, 8.42377868e-03, 7.13289172e-03, 7.13289172e-03,
        7.13289172e-03, 7.13289172e-03, 7.13289172e-03, 7.13289172e-03,
        7.13289172e-03, 7.13289172e-03],
       [0.00000000e+00, 1.78804046e-02, 2.25212011e-02, 2.87373357e-02,
        1.33339623e-01, 4.56671654e-02, 3.08666176e-02, 3.02459502e-02,
        2.36962266e-02, 1.77674155e-02, 2.99125520e-02, 1.07079688e-01,
        7.57635690e-02, 4.02571002e-02, 5.42126713e-02, 5.65223481e-02,
        2.27277814e-02, 1.91523365e-02, 3.54168259e-02, 5.83810188e-02,
        1.28182051e-02, 1.03881833e-02, 2.06360021e-02, 1.28186465e-02,
        1.28187755e-02, 1.28847934e-02, 3.47622501e-02, 6.57889144e-03,
        2.76861569e-03, 2.76864348e-03, 2.76867127e-03, 9.89093026e-06,
        8.15532459e-03, 2.76878110e-03, 2.63781817e-03, 1.00272309e-05,
        1.00272309e-05, 1.62409946e-03, 1.00434885e-05, 1.02378866e-03,
        1.00536993e-05, 1.50008742e-03, 1.00687076e-05, 1.00687076e-05,
        1.00687076e-05, 1.00687076e-05, 1.00687076e-05, 1.00687076e-05,
        1.00687076e-05, 1.00687076e-05]]))])