OrderedDict([('tech_stage', array([[0, 0, 0, ..., 2, 2, 2],
       [0, 0, 0, ..., 2, 2, 2],
       [0, 1, 1, ..., 2, 2, 2],
       ...,
       [0, 0, 0, ..., 2, 2, 2],
       [0, 0, 0, ..., 2, 2, 2],
       [0, 0, 0, ..., 2, 2, 2]])), ('res_plants', array([[0, 0, 0, ..., 2, 2, 2],
       [0, 0, 0, ..., 2, 2, 2],
       [0, 0, 0, ..., 3, 3, 3],
       ...,
       [0, 0, 0, ..., 3, 3, 3],
       [0, 0, 0, ..., 3, 3, 3],
       [0, 0, 0, ..., 2, 2, 2]])), ('res_penetration', array([[0.        , 0.        , 0.        , ..., 0.2       , 0.2       ,
        0.2       ],
       [0.        , 0.        , 0.        , ..., 0.        , 0.        ,
        0.        ],
       [0.        , 0.        , 0.        , ..., 0.2       , 0.2       ,
        0.2       ],
       ...,
       [0.        , 0.        , 0.        , ..., 0.2       , 0.2       ,
        0.2       ],
       [0.        , 0.        , 0.        , ..., 0.06666667, 0.06666667,
        0.06666667],
       [0.        , 0.        , 0.        , ..., 0.2       , 0.2       ,
        0.2       ]])), ('tax_level', array([[  0. ,   0. ,   0. , ..., -13.7, -13.7, -13.7],
       [  0. ,   0. ,   0. , ..., -13.7, -13.7, -13.7],
       [  0. ,   0. ,   0. , ..., -13.7, -13.7, -13.7],
       ...,
       [  0. ,   0. ,   0. , ..., -13.7, -13.7, -13.7],
       [  0. ,   0. ,   0. , ..., -13.7, -13.7, -13.7],
       [  0. ,   0. ,   0. , ..., -13.7, -13.7, -13.7]])), ('tax_adjustment', array([[ 0,  0,  0, ..., -1, -1, -1],
       [ 0,  0,  0, ..., -1, -1, -1],
       [ 0,  0,  0, ..., -1, -1, -1],
       ...,
       [ 0,  0,  0, ..., -1, -1, -1],
       [ 0,  0,  0, ..., -1, -1, -1],
       [ 0,  0,  0, ..., -1, -1, -1]])), ('co2_price', array([[ 68.52      ,  70.5756    ,  72.692868  , ..., 219.93208546,
        226.53004802, 233.32594946],
       [ 68.52      ,  70.5756    ,  72.692868  , ..., 219.93208546,
        226.53004802, 233.32594946],
       [ 68.52      ,  70.5756    ,  72.692868  , ..., 219.93208546,
        226.53004802, 233.32594946],
       ...,
       [ 68.52      ,  70.5756    ,  72.692868  , ..., 219.93208546,
        226.53004802, 233.32594946],
       [ 68.52      ,  70.5756    ,  72.692868  , ..., 219.93208546,
        226.53004802, 233.32594946],
       [ 68.52      ,  70.5756    ,  72.692868  , ..., 219.93208546,
        226.53004802, 233.32594946]])), ('co2_tax', array([[3.56539709e+08, 3.67235900e+08, 3.78252977e+08, ...,
        9.15522729e+08, 9.42988410e+08, 9.71278063e+08],
       [3.56539709e+08, 3.67235900e+08, 3.78252977e+08, ...,
        1.14440341e+09, 1.17873551e+09, 1.21409758e+09],
       [3.56539709e+08, 3.67235900e+08, 3.78252977e+08, ...,
        1.06810985e+09, 1.10015315e+09, 1.13315774e+09],
       ...,
       [3.56539709e+08, 3.67235900e+08, 3.78252977e+08, ...,
        9.15522729e+08, 9.42988410e+08, 9.71278063e+08],
       [3.56539709e+08, 3.67235900e+08, 3.78252977e+08, ...,
        9.15522729e+08, 9.42988410e+08, 9.71278063e+08],
       [3.56539709e+08, 3.67235900e+08, 3.78252977e+08, ...,
        9.15522729e+08, 9.42988410e+08, 9.71278063e+08]])), ('co2_emissions', array([[5203440., 5203440., 5203440., ..., 4162752., 4162752., 4162752.],
       [5203440., 5203440., 5203440., ..., 4162752., 4162752., 4162752.],
       [5203440., 5203440., 5203440., ..., 4162752., 4162752., 4162752.],
       ...,
       [5203440., 5203440., 5203440., ..., 4162752., 4162752., 4162752.],
       [5203440., 5203440., 5203440., ..., 4162752., 4162752., 4162752.],
       [5203440., 5203440., 5203440., ..., 4162752., 4162752., 4162752.]])), ('cost_total', array([[8.21465459e+08, 8.32161650e+08, 8.43178727e+08, ...,
        1.31425794e+09, 1.34172362e+09, 1.37001327e+09],
       [8.21465459e+08, 8.32161650e+08, 8.43178727e+08, ...,
        1.41176315e+09, 1.44151763e+09, 1.47216476e+09],
       [8.21465459e+08, 8.32161650e+08, 8.43178727e+08, ...,
        1.31425794e+09, 1.34172362e+09, 1.37001327e+09],
       ...,
       [8.21465459e+08, 8.32161650e+08, 8.43178727e+08, ...,
        1.31425794e+09, 1.34172362e+09, 1.37001327e+09],
       [8.21465459e+08, 8.32161650e+08, 8.43178727e+08, ...,
        1.31425794e+09, 1.34172362e+09, 1.37001327e+09],
       [8.21465459e+08, 8.32161650e+08, 8.43178727e+08, ...,
        1.31425794e+09, 1.34172362e+09, 1.37001327e+09]])), ('cost_breakdown', array([[3.56539709e+08, 3.67235900e+08, 3.77748640e+08, 3.88821365e+08,
        3.98880852e+08, 4.08918417e+08, 4.18915425e+08, 4.24905405e+08,
        4.33587682e+08, 3.54324802e+08, 3.63165553e+08, 3.71691382e+08,
        3.80130777e+08, 3.82458468e+08, 3.89617521e+08, 3.99528390e+08,
        4.07852268e+08, 4.16316004e+08, 4.25406120e+08, 4.34166766e+08,
        4.42554988e+08, 4.54770330e+08, 4.66773720e+08, 4.77962078e+08,
        4.81670178e+08, 4.95722113e+08, 5.09158372e+08, 5.23799495e+08,
        5.38860843e+08, 5.53682235e+08, 5.69831114e+08, 5.86688329e+08,
        6.03799280e+08, 6.21661063e+08, 6.40310895e+08, 6.59520221e+08,
        6.79305828e+08, 6.99685003e+08, 7.20675553e+08, 7.42295820e+08,
        7.64564694e+08, 7.87501635e+08, 8.11126684e+08, 8.35460485e+08,
        8.60524299e+08, 8.86340028e+08, 9.12930229e+08, 9.40318136e+08,
        9.68527680e+08, 9.97583510e+08],
       [4.64925750e+08, 4.64925750e+08, 4.64305849e+08, 4.63995898e+08,
        4.62136196e+08, 4.59966542e+08, 4.57486938e+08, 4.50513052e+08,
        4.46328720e+08, 4.42609314e+08, 4.40439660e+08, 4.37650106e+08,
        4.34550601e+08, 4.24477210e+08, 4.19827952e+08, 4.17968249e+08,
        4.14248843e+08, 4.10529437e+08, 4.07274957e+08, 4.03555551e+08,
        3.99371219e+08, 3.98441368e+08, 3.97046590e+08, 3.94721962e+08,
        3.86198323e+08, 3.85888372e+08, 3.84803546e+08, 3.84338620e+08,
        3.83873694e+08, 3.82943843e+08, 3.82633892e+08, 3.82478917e+08,
        3.82168966e+08, 3.82013991e+08, 3.82013991e+08, 3.82013991e+08,
        3.82013991e+08, 3.82013991e+08, 3.82013991e+08, 3.82013991e+08,
        3.82013991e+08, 3.82013991e+08, 3.82013991e+08, 3.82013991e+08,
        3.82013991e+08, 3.82013991e+08, 3.82013991e+08, 3.82013991e+08,
        3.82013991e+08, 3.82013991e+08],
       [0.00000000e+00, 0.00000000e+00, 9.52000000e+05, 5.46336000e+05,
        2.96150400e+06, 3.64851200e+06, 4.37068800e+06, 1.15540320e+07,
        8.06131200e+06, 7.82208000e+06, 5.86409600e+06, 7.06227200e+06,
        7.85478400e+06, 1.89164640e+07, 1.17294240e+07, 7.97294400e+06,
        1.10399520e+07, 1.14619680e+07, 1.11699840e+07, 1.22532480e+07,
        1.33892640e+07, 8.86603200e+06, 9.68553600e+06, 1.12717920e+07,
        2.55991520e+07, 9.58059200e+06, 1.07713760e+07, 1.00554400e+07,
        9.97556800e+06, 1.07128480e+07, 9.85652800e+06, 9.64878400e+06,
        9.89454400e+06, 9.68680000e+06, 9.45656000e+06, 9.45164800e+06,
        9.44182400e+06, 9.44182400e+06, 9.44182400e+06, 9.43691200e+06,
        9.43691200e+06, 9.43691200e+06, 9.42708800e+06, 9.42708800e+06,
        9.42708800e+06, 9.42708800e+06, 9.42708800e+06, 9.42217600e+06,
        9.42217600e+06, 9.42217600e+06],
       [0.00000000e+00, 0.00000000e+00, 9.19063183e+06, 4.69499469e+06,
        2.77214136e+07, 3.26157659e+07, 3.75599575e+07, 1.22834482e+08,
        6.98487286e+07, 5.83894649e+07, 3.60109580e+07, 4.55504655e+07,
        5.05943359e+07, 1.82147185e+08, 8.18741534e+07, 3.77966844e+07,
        6.80471768e+07, 6.86963116e+07, 6.18639652e+07, 6.99134394e+07,
        7.80440554e+07, 2.64039633e+07, 3.40477282e+07, 4.92541163e+07,
        1.61336153e+08, 1.85389003e+07, 3.09637138e+07, 2.15964898e+07,
        2.13313158e+07, 2.88345063e+07, 1.90985995e+07, 1.66780402e+07,
        1.91791037e+07, 1.67585444e+07, 1.43111503e+07, 1.43111503e+07,
        1.43111503e+07, 1.43111503e+07, 1.43111503e+07, 1.43111503e+07,
        1.43111503e+07, 1.43111503e+07, 1.43111503e+07, 1.43111503e+07,
        1.43111503e+07, 1.43111503e+07, 1.43111503e+07, 1.43111503e+07,
        1.43111503e+07, 1.43111503e+07],
       [0.00000000e+00, 0.00000000e+00, 9.65923491e+06, 4.82971475e+06,
        2.89778507e+07, 3.38077600e+07, 3.86377180e+07, 1.27841483e+08,
        7.07689135e+07, 5.79585774e+07, 3.38110739e+07, 4.34706493e+07,
        4.83007046e+07, 1.86037725e+08, 7.86362885e+07, 3.14594416e+07,
        6.29115176e+07, 6.29121512e+07, 5.50498450e+07, 6.29133392e+07,
        7.07769126e+07, 1.57370467e+07, 2.36001449e+07, 3.93262621e+07,
        1.29671295e+08, 5.21402979e+06, 1.82159941e+07, 7.44350058e+06,
        7.81472275e+06, 1.56159485e+07, 5.21457608e+06, 2.61424608e+06,
        5.21465466e+06, 2.61432466e+06, 1.39684575e+04, 1.39684575e+04,
        1.39684575e+04, 1.39684575e+04, 1.39684575e+04, 1.39684575e+04,
        1.39684575e+04, 1.39684575e+04, 1.39684575e+04, 1.39684575e+04,
        1.39684575e+04, 1.39684575e+04, 1.39684575e+04, 1.39684575e+04,
        1.39684575e+04, 1.39684575e+04]])), ('cost_percent', array([[1.26779567e-02, 1.30582954e-02, 1.34052108e-02, 1.37888957e-02,
        1.41645115e-02, 1.45404561e-02, 1.48757488e-02, 1.49997807e-02,
        1.52570534e-02, 1.25021457e-02, 1.28226841e-02, 1.31512029e-02,
        1.34396869e-02, 1.35995845e-02, 1.39001755e-02, 1.41591545e-02,
        1.44862689e-02, 1.47699719e-02, 1.50749274e-02, 1.54204593e-02,
        1.57365164e-02, 1.61142661e-02, 1.64616474e-02, 1.68353871e-02,
        1.70930225e-02, 1.75774967e-02, 1.80902385e-02, 1.86104149e-02,
        1.91455207e-02, 1.97119187e-02, 2.02950696e-02, 2.09039217e-02,
        2.15049200e-02, 2.21410999e-02, 2.28053329e-02, 2.34894929e-02,
        2.41941777e-02, 2.49200030e-02, 2.56676031e-02, 2.64376312e-02,
        2.72307602e-02, 2.80476830e-02, 2.88891134e-02, 2.97557868e-02,
        3.06484605e-02, 3.15679143e-02, 3.25149517e-02, 3.34904002e-02,
        3.44951123e-02, 3.55299656e-02],
       [2.28993649e-02, 2.28993649e-02, 2.28230337e-02, 2.27925012e-02,
        2.27314362e-02, 2.26551050e-02, 2.25024426e-02, 2.20291891e-02,
        2.17543967e-02, 2.16322667e-02, 2.15406693e-02, 2.14490718e-02,
        2.12811431e-02, 2.09071202e-02, 2.07468246e-02, 2.05178310e-02,
        2.03804348e-02, 2.01743405e-02, 1.99911456e-02, 1.98537494e-02,
        1.96705545e-02, 1.95560576e-02, 1.93957621e-02, 1.92583659e-02,
        1.89835735e-02, 1.89530410e-02, 1.89377748e-02, 1.89148754e-02,
        1.88919761e-02, 1.88843429e-02, 1.88767098e-02, 1.88767098e-02,
        1.88538105e-02, 1.88461773e-02, 1.88461773e-02, 1.88461773e-02,
        1.88461773e-02, 1.88461773e-02, 1.88461773e-02, 1.88461773e-02,
        1.88461773e-02, 1.88461773e-02, 1.88461773e-02, 1.88461773e-02,
        1.88461773e-02, 1.88461773e-02, 1.88461773e-02, 1.88461773e-02,
        1.88461773e-02, 1.88461773e-02],
       [0.00000000e+00, 0.00000000e+00, 5.21641476e-03, 2.47196690e-03,
        4.71269320e-03, 6.06429695e-03, 1.16661127e-02, 3.43458567e-02,
        2.31726645e-02, 1.41272786e-02, 1.26573542e-02, 1.31198354e-02,
        1.87987314e-02, 3.37309334e-02, 2.10134370e-02, 2.65175524e-02,
        2.14140576e-02, 2.68025527e-02, 2.62782110e-02, 2.40733245e-02,
        2.78968952e-02, 2.41270843e-02, 2.78350346e-02, 2.70794523e-02,
        4.52372047e-02, 2.24174679e-02, 2.12484299e-02, 2.18148536e-02,
        2.21780915e-02, 2.09812793e-02, 2.10090535e-02, 2.05259521e-02,
        2.20585786e-02, 2.11201499e-02, 2.06155166e-02, 2.06155166e-02,
        2.05724527e-02, 2.05509207e-02, 2.05509207e-02, 2.05401548e-02,
        2.05186228e-02, 2.05078568e-02, 2.04863249e-02, 2.04755589e-02,
        2.04755589e-02, 2.04755589e-02, 2.04755589e-02, 2.04755589e-02,
        2.04755589e-02, 2.04755589e-02],
       [0.00000000e+00, 0.00000000e+00, 1.25577805e-02, 5.15931004e-03,
        1.02369014e-02, 1.28574158e-02, 2.55513941e-02, 9.07890517e-02,
        5.07529909e-02, 2.23098405e-02, 1.75046448e-02, 1.76680822e-02,
        3.03893002e-02, 7.64958797e-02, 3.24811292e-02, 4.50585074e-02,
        2.91460613e-02, 4.16790916e-02, 3.79892410e-02, 3.01660615e-02,
        3.86101107e-02, 2.66979501e-02, 3.50976514e-02, 3.13191052e-02,
        6.14028194e-02, 1.31131604e-02, 1.02783322e-02, 1.16599473e-02,
        1.18907827e-02, 9.04128805e-03, 9.05595448e-03, 7.71833861e-03,
        1.17751855e-02, 9.11462024e-03, 7.77700437e-03, 7.77700437e-03,
        7.77700437e-03, 7.77700437e-03, 7.77700437e-03, 7.77700437e-03,
        7.77700437e-03, 7.77700437e-03, 7.77700437e-03, 7.77700437e-03,
        7.77700437e-03, 7.77700437e-03, 7.77700437e-03, 7.77700437e-03,
        7.77700437e-03, 7.77700437e-03],
       [0.00000000e+00, 0.00000000e+00, 1.75067516e-02, 7.00287699e-03,
        1.40056482e-02, 1.75071396e-02, 3.50140675e-02, 1.25582232e-01,
        6.84073683e-02, 2.80136735e-02, 2.10112550e-02, 2.10114666e-02,
        3.85184298e-02, 1.02378096e-01, 3.99080207e-02, 5.70097193e-02,
        3.42085646e-02, 5.13102057e-02, 4.56102903e-02, 3.42098852e-02,
        4.56110941e-02, 2.85102568e-02, 3.99114083e-02, 3.42113781e-02,
        5.98941625e-02, 7.28150557e-03, 3.78022849e-03, 5.66547784e-03,
        5.39646240e-03, 1.89516632e-03, 1.89518531e-03, 9.99293488e-06,
        5.66562704e-03, 1.89526127e-03, 1.00688895e-05, 1.00688895e-05,
        1.00688895e-05, 1.00688895e-05, 1.00688895e-05, 1.00688895e-05,
        1.00688895e-05, 1.00688895e-05, 1.00688895e-05, 1.00688895e-05,
        1.00688895e-05, 1.00688895e-05, 1.00688895e-05, 1.00688895e-05,
        1.00688895e-05, 1.00688895e-05]]))])