OrderedDict([('tech_stage', array([[0, 0, 0, ..., 1, 2, 2],
       [0, 0, 0, ..., 2, 2, 2],
       [0, 0, 0, ..., 2, 2, 2],
       ...,
       [0, 0, 0, ..., 2, 2, 2],
       [0, 0, 0, ..., 2, 2, 2],
       [0, 0, 0, ..., 2, 2, 2]])), ('res_plants', array([[0, 0, 0, ..., 0, 0, 0],
       [0, 0, 0, ..., 0, 0, 0],
       [0, 0, 0, ..., 0, 0, 0],
       ...,
       [0, 0, 0, ..., 0, 0, 0],
       [0, 0, 0, ..., 0, 0, 0],
       [0, 0, 0, ..., 0, 0, 0]])), ('res_penetration', array([[0., 0., 0., ..., 0., 0., 0.],
       [0., 0., 0., ..., 0., 0., 0.],
       [0., 0., 0., ..., 0., 0., 0.],
       ...,
       [0., 0., 0., ..., 0., 0., 0.],
       [0., 0., 0., ..., 0., 0., 0.],
       [0., 0., 0., ..., 0., 0., 0.]])), ('tax_level', array([[ 0. ,  0. ,  0. , ..., -1.7, -1.7, -1.7],
       [ 0. ,  0. ,  0. , ..., -1.7, -1.7, -1.7],
       [ 0. ,  0. ,  0. , ..., -1.7, -1.7, -1.7],
       ...,
       [ 0. ,  0. ,  0. , ..., -1.7, -1.7, -1.7],
       [ 0. ,  0. ,  0. , ..., -1.7, -1.7, -1.7],
       [ 0. ,  0. ,  0. , ..., -1.7, -1.7, -1.7]])), ('tax_adjustment', array([[ 0,  0,  0, ..., -1, -1, -1],
       [ 0,  0,  0, ..., -1, -1, -1],
       [ 0,  0,  0, ..., -1, -1, -1],
       ...,
       [ 0,  0,  0, ..., -1, -1, -1],
       [ 0,  0,  0, ..., -1, -1, -1],
       [ 0,  0,  0, ..., -1, -1, -1]])), ('co2_price', array([[ 8.52      ,  8.7756    ,  9.038868  , ..., 27.36112409,
        28.18195782, 29.02741655],
       [ 8.52      ,  8.7756    ,  9.038868  , ..., 27.36112409,
        28.18195782, 29.02741655],
       [ 8.52      ,  8.7756    ,  9.038868  , ..., 27.36112409,
        28.18195782, 29.02741655],
       ...,
       [ 8.52      ,  8.7756    ,  9.038868  , ..., 27.36112409,
        28.18195782, 29.02741655],
       [ 8.52      ,  8.7756    ,  9.038868  , ..., 27.36112409,
        28.18195782, 29.02741655],
       [ 8.52      ,  8.7756    ,  9.038868  , ..., 27.36112409,
        28.18195782, 29.02741655]])), ('co2_tax', array([[4.43333088e+07, 4.56633081e+07, 4.70332073e+07, ...,
        1.42371968e+08, 1.46643127e+08, 1.51042420e+08],
       [4.43333088e+07, 4.56633081e+07, 4.70332073e+07, ...,
        1.42371968e+08, 1.46643127e+08, 1.51042420e+08],
       [4.43333088e+07, 4.56633081e+07, 4.70332073e+07, ...,
        1.42371968e+08, 1.46643127e+08, 1.51042420e+08],
       ...,
       [4.43333088e+07, 4.56633081e+07, 4.70332073e+07, ...,
        1.42371968e+08, 1.46643127e+08, 1.51042420e+08],
       [4.43333088e+07, 4.56633081e+07, 4.70332073e+07, ...,
        1.42371968e+08, 1.46643127e+08, 1.51042420e+08],
       [4.43333088e+07, 4.56633081e+07, 4.70332073e+07, ...,
        1.42371968e+08, 1.46643127e+08, 1.51042420e+08]])), ('co2_emissions', array([[5203440., 5203440., 5203440., ..., 5203440., 5203440., 5203440.],
       [5203440., 5203440., 5203440., ..., 5203440., 5203440., 5203440.],
       [5203440., 5203440., 5203440., ..., 5203440., 5203440., 5203440.],
       ...,
       [5203440., 5203440., 5203440., ..., 5203440., 5203440., 5203440.],
       [5203440., 5203440., 5203440., ..., 5203440., 5203440., 5203440.],
       [5203440., 5203440., 5203440., ..., 5203440., 5203440., 5203440.]])), ('cost_total', array([[5.09259059e+08, 5.10589058e+08, 5.11958957e+08, ...,
        6.07297718e+08, 6.11568877e+08, 6.15968170e+08],
       [5.09259059e+08, 5.10589058e+08, 5.11958957e+08, ...,
        6.07297718e+08, 6.11568877e+08, 6.15968170e+08],
       [5.09259059e+08, 5.10589058e+08, 5.11958957e+08, ...,
        6.07297718e+08, 6.11568877e+08, 6.15968170e+08],
       ...,
       [5.09259059e+08, 5.10589058e+08, 5.11958957e+08, ...,
        6.07297718e+08, 6.11568877e+08, 6.15968170e+08],
       [5.09259059e+08, 5.10589058e+08, 5.11958957e+08, ...,
        6.07297718e+08, 6.11568877e+08, 6.15968170e+08],
       [5.09259059e+08, 5.10589058e+08, 5.11958957e+08, ...,
        6.07297718e+08, 6.11568877e+08, 6.15968170e+08]])), ('cost_breakdown', array([[4.43333088e+07, 4.56633081e+07, 4.70332073e+07, 4.84442035e+07,
        4.98975296e+07, 5.13944555e+07, 5.29362892e+07, 4.36451006e+07,
        4.49544536e+07, 4.63030872e+07, 4.76921798e+07, 4.91229452e+07,
        5.05966336e+07, 5.21145326e+07, 5.36779686e+07, 5.52883076e+07,
        5.69469569e+07, 5.86553656e+07, 6.04150265e+07, 6.22274773e+07,
        6.40943016e+07, 6.60171307e+07, 6.79976446e+07, 7.00375739e+07,
        7.21387012e+07, 7.43028622e+07, 7.65319481e+07, 7.88279065e+07,
        8.11927437e+07, 8.36285260e+07, 8.61373818e+07, 8.87215033e+07,
        9.13831483e+07, 9.41246428e+07, 9.69483821e+07, 9.98568335e+07,
        1.02852539e+08, 1.05938115e+08, 1.09116258e+08, 1.12389746e+08,
        1.15761438e+08, 1.19234281e+08, 1.22811310e+08, 1.26495649e+08,
        1.30290519e+08, 1.34199234e+08, 1.38225211e+08, 1.42371968e+08,
        1.46643127e+08, 1.51042420e+08],
       [4.64925750e+08, 4.64925750e+08, 4.64925750e+08, 4.64925750e+08,
        4.64925750e+08, 4.64925750e+08, 4.64925750e+08, 4.64925750e+08,
        4.64925750e+08, 4.64925750e+08, 4.64925750e+08, 4.64925750e+08,
        4.64925750e+08, 4.64925750e+08, 4.64925750e+08, 4.64925750e+08,
        4.64925750e+08, 4.64925750e+08, 4.64925750e+08, 4.64925750e+08,
        4.64925750e+08, 4.64925750e+08, 4.64925750e+08, 4.64925750e+08,
        4.64925750e+08, 4.64925750e+08, 4.64925750e+08, 4.64925750e+08,
        4.64925750e+08, 4.64925750e+08, 4.64925750e+08, 4.64925750e+08,
        4.64925750e+08, 4.64925750e+08, 4.64925750e+08, 4.64925750e+08,
        4.64925750e+08, 4.64925750e+08, 4.64925750e+08, 4.64925750e+08,
        4.64925750e+08, 4.64925750e+08, 4.64925750e+08, 4.64925750e+08,
        4.64925750e+08, 4.64925750e+08, 4.64925750e+08, 4.64925750e+08,
        4.64925750e+08, 4.64925750e+08],
       [0.00000000e+00, 0.00000000e+00, 0.00000000e+00, 0.00000000e+00,
        0.00000000e+00, 0.00000000e+00, 0.00000000e+00, 0.00000000e+00,
        0.00000000e+00, 0.00000000e+00, 0.00000000e+00, 0.00000000e+00,
        0.00000000e+00, 0.00000000e+00, 0.00000000e+00, 0.00000000e+00,
        0.00000000e+00, 0.00000000e+00, 0.00000000e+00, 0.00000000e+00,
        0.00000000e+00, 0.00000000e+00, 0.00000000e+00, 0.00000000e+00,
        0.00000000e+00, 0.00000000e+00, 0.00000000e+00, 0.00000000e+00,
        0.00000000e+00, 0.00000000e+00, 0.00000000e+00, 0.00000000e+00,
        0.00000000e+00, 0.00000000e+00, 0.00000000e+00, 0.00000000e+00,
        0.00000000e+00, 0.00000000e+00, 0.00000000e+00, 0.00000000e+00,
        0.00000000e+00, 0.00000000e+00, 0.00000000e+00, 0.00000000e+00,
        0.00000000e+00, 0.00000000e+00, 0.00000000e+00, 0.00000000e+00,
        0.00000000e+00, 0.00000000e+00],
       [0.00000000e+00, 0.00000000e+00, 0.00000000e+00, 0.00000000e+00,
        0.00000000e+00, 0.00000000e+00, 0.00000000e+00, 0.00000000e+00,
        0.00000000e+00, 0.00000000e+00, 0.00000000e+00, 0.00000000e+00,
        0.00000000e+00, 0.00000000e+00, 0.00000000e+00, 0.00000000e+00,
        0.00000000e+00, 0.00000000e+00, 0.00000000e+00, 0.00000000e+00,
        0.00000000e+00, 0.00000000e+00, 0.00000000e+00, 0.00000000e+00,
        0.00000000e+00, 0.00000000e+00, 0.00000000e+00, 0.00000000e+00,
        0.00000000e+00, 0.00000000e+00, 0.00000000e+00, 0.00000000e+00,
        0.00000000e+00, 0.00000000e+00, 0.00000000e+00, 0.00000000e+00,
        0.00000000e+00, 0.00000000e+00, 0.00000000e+00, 0.00000000e+00,
        0.00000000e+00, 0.00000000e+00, 0.00000000e+00, 0.00000000e+00,
        0.00000000e+00, 0.00000000e+00, 0.00000000e+00, 0.00000000e+00,
        0.00000000e+00, 0.00000000e+00],
       [0.00000000e+00, 0.00000000e+00, 0.00000000e+00, 0.00000000e+00,
        0.00000000e+00, 0.00000000e+00, 0.00000000e+00, 0.00000000e+00,
        0.00000000e+00, 0.00000000e+00, 0.00000000e+00, 0.00000000e+00,
        0.00000000e+00, 0.00000000e+00, 0.00000000e+00, 0.00000000e+00,
        0.00000000e+00, 0.00000000e+00, 0.00000000e+00, 0.00000000e+00,
        0.00000000e+00, 0.00000000e+00, 0.00000000e+00, 0.00000000e+00,
        0.00000000e+00, 0.00000000e+00, 0.00000000e+00, 0.00000000e+00,
        0.00000000e+00, 0.00000000e+00, 0.00000000e+00, 0.00000000e+00,
        0.00000000e+00, 0.00000000e+00, 0.00000000e+00, 0.00000000e+00,
        0.00000000e+00, 0.00000000e+00, 0.00000000e+00, 0.00000000e+00,
        0.00000000e+00, 0.00000000e+00, 0.00000000e+00, 0.00000000e+00,
        0.00000000e+00, 0.00000000e+00, 0.00000000e+00, 0.00000000e+00,
        0.00000000e+00, 0.00000000e+00]])), ('cost_percent', array([[0.01089095, 0.01121768, 0.01155421, 0.01190084, 0.01225786,
        0.0126256 , 0.01300437, 0.01072189, 0.01104354, 0.01137485,
        0.01171609, 0.01206758, 0.0124296 , 0.01280249, 0.01318657,
        0.01358216, 0.01398963, 0.01440932, 0.0148416 , 0.01528684,
        0.01574545, 0.01621781, 0.01670435, 0.01720548, 0.01772164,
        0.01825329, 0.01880089, 0.01936492, 0.01994587, 0.02054424,
        0.02116057, 0.02179539, 0.02244925, 0.02312272, 0.02381641,
        0.0245309 , 0.02526683, 0.02602483, 0.02680558, 0.02760974,
        0.02843803, 0.02929118, 0.03016991, 0.03107501, 0.03200726,
        0.03296748, 0.0339565 , 0.0349752 , 0.03602445, 0.03710518],
       [0.02      , 0.02      , 0.02      , 0.02      , 0.02      ,
        0.02      , 0.02      , 0.02      , 0.02      , 0.02      ,
        0.02      , 0.02      , 0.02      , 0.02      , 0.02      ,
        0.02      , 0.02      , 0.02      , 0.02      , 0.02      ,
        0.02      , 0.02      , 0.02      , 0.02      , 0.02      ,
        0.02      , 0.02      , 0.02      , 0.02      , 0.02      ,
        0.02      , 0.02      , 0.02      , 0.02      , 0.02      ,
        0.02      , 0.02      , 0.02      , 0.02      , 0.02      ,
        0.02      , 0.02      , 0.02      , 0.02      , 0.02      ,
        0.02      , 0.02      , 0.02      , 0.02      , 0.02      ],
       [       nan,        nan,        nan,        nan,        nan,
               nan,        nan,        nan,        nan,        nan,
               nan,        nan,        nan,        nan,        nan,
               nan,        nan,        nan,        nan,        nan,
               nan,        nan,        nan,        nan,        nan,
               nan,        nan,        nan,        nan,        nan,
               nan,        nan,        nan,        nan,        nan,
               nan,        nan,        nan,        nan,        nan,
               nan,        nan,        nan,        nan,        nan,
               nan,        nan,        nan,        nan,        nan],
       [       nan,        nan,        nan,        nan,        nan,
               nan,        nan,        nan,        nan,        nan,
               nan,        nan,        nan,        nan,        nan,
               nan,        nan,        nan,        nan,        nan,
               nan,        nan,        nan,        nan,        nan,
               nan,        nan,        nan,        nan,        nan,
               nan,        nan,        nan,        nan,        nan,
               nan,        nan,        nan,        nan,        nan,
               nan,        nan,        nan,        nan,        nan,
               nan,        nan,        nan,        nan,        nan],
       [       nan,        nan,        nan,        nan,        nan,
               nan,        nan,        nan,        nan,        nan,
               nan,        nan,        nan,        nan,        nan,
               nan,        nan,        nan,        nan,        nan,
               nan,        nan,        nan,        nan,        nan,
               nan,        nan,        nan,        nan,        nan,
               nan,        nan,        nan,        nan,        nan,
               nan,        nan,        nan,        nan,        nan,
               nan,        nan,        nan,        nan,        nan,
               nan,        nan,        nan,        nan,        nan]]))])