OrderedDict([('tech_stage', array([[0, 0, 0, ..., 1, 1, 1],
       [0, 0, 0, ..., 2, 2, 2],
       [0, 0, 0, ..., 2, 2, 2],
       ...,
       [0, 0, 0, ..., 2, 2, 2],
       [0, 0, 0, ..., 2, 2, 2],
       [0, 0, 0, ..., 2, 2, 2]])), ('res_plants', array([[0, 0, 0, ..., 1, 1, 1],
       [0, 0, 0, ..., 1, 1, 1],
       [0, 0, 0, ..., 0, 0, 0],
       ...,
       [0, 0, 0, ..., 0, 0, 0],
       [0, 0, 0, ..., 1, 1, 1],
       [0, 0, 0, ..., 1, 1, 1]])), ('res_penetration', array([[0.        , 0.        , 0.        , ..., 0.        , 0.        ,
        0.        ],
       [0.        , 0.        , 0.        , ..., 0.06666667, 0.06666667,
        0.06666667],
       [0.        , 0.        , 0.        , ..., 0.        , 0.        ,
        0.        ],
       ...,
       [0.        , 0.        , 0.        , ..., 0.06666667, 0.06666667,
        0.06666667],
       [0.        , 0.        , 0.        , ..., 0.        , 0.        ,
        0.        ],
       [0.        , 0.        , 0.        , ..., 0.06666667, 0.06666667,
        0.06666667]])), ('tax_level', array([[ 0.  ,  0.  ,  0.  , ..., -8.37, -8.37, -8.37],
       [ 0.  ,  0.  ,  0.  , ..., -8.37, -8.37, -8.37],
       [ 0.  ,  0.  ,  0.  , ..., -8.37, -8.37, -8.37],
       ...,
       [ 0.  ,  0.  ,  0.  , ..., -8.37, -8.37, -8.37],
       [ 0.  ,  0.  ,  0.  , ..., -8.37, -8.37, -8.37],
       [ 0.  ,  0.  ,  0.  , ..., -8.37, -8.37, -8.37]])), ('tax_adjustment', array([[ 0,  0,  0, ..., -1, -1, -1],
       [ 0,  0,  0, ..., -1, -1, -1],
       [ 0,  0,  0, ..., -1, -1, -1],
       ...,
       [ 0,  0,  0, ..., -1, -1, -1],
       [ 0,  0,  0, ..., -1, -1, -1],
       [ 0,  0,  0, ..., -1, -1, -1]])), ('co2_price', array([[ 41.84      ,  43.0952    ,  44.388056  , ..., 134.2781266 ,
        138.3064704 , 142.45566451],
       [ 41.84      ,  43.0952    ,  44.388056  , ..., 134.2781266 ,
        138.3064704 , 142.45566451],
       [ 41.84      ,  43.0952    ,  44.388056  , ..., 134.2781266 ,
        138.3064704 , 142.45566451],
       ...,
       [ 41.84      ,  43.0952    ,  44.388056  , ..., 134.2781266 ,
        138.3064704 , 142.45566451],
       [ 41.84      ,  43.0952    ,  44.388056  , ..., 134.2781266 ,
        138.3064704 , 142.45566451],
       [ 41.84      ,  43.0952    ,  44.388056  , ..., 134.2781266 ,
        138.3064704 , 142.45566451]])), ('co2_tax', array([[2.17711930e+08, 2.24243287e+08, 2.30970586e+08, ...,
        6.52127630e+08, 6.71691459e+08, 6.91842203e+08],
       [2.17711930e+08, 2.24243287e+08, 2.30970586e+08, ...,
        6.98708175e+08, 7.19669420e+08, 7.41259503e+08],
       [2.17711930e+08, 2.24243287e+08, 2.30970586e+08, ...,
        6.98708175e+08, 7.19669420e+08, 7.41259503e+08],
       ...,
       [2.17711930e+08, 2.24243287e+08, 2.30970586e+08, ...,
        6.52127630e+08, 6.71691459e+08, 6.91842203e+08],
       [2.17711930e+08, 2.24243287e+08, 2.30970586e+08, ...,
        6.52127630e+08, 6.71691459e+08, 6.91842203e+08],
       [2.17711930e+08, 2.24243287e+08, 2.30970586e+08, ...,
        6.52127630e+08, 6.71691459e+08, 6.91842203e+08]])), ('co2_emissions', array([[5203440., 5203440., 5203440., ..., 4856544., 4856544., 4856544.],
       [5203440., 5203440., 5203440., ..., 4856544., 4856544., 4856544.],
       [5203440., 5203440., 5203440., ..., 5203440., 5203440., 5203440.],
       ...,
       [5203440., 5203440., 5203440., ..., 4856544., 4856544., 4856544.],
       [5203440., 5203440., 5203440., ..., 4856544., 4856544., 4856544.],
       [5203440., 5203440., 5203440., ..., 4856544., 4856544., 4856544.]])), ('cost_total', array([[6.82637680e+08, 6.89169037e+08, 6.95896336e+08, ...,
        1.09418055e+09, 1.11374438e+09, 1.13389513e+09],
       [6.82637680e+08, 6.89169037e+08, 6.95896336e+08, ...,
        1.09418055e+09, 1.11374438e+09, 1.13389513e+09],
       [6.82637680e+08, 6.89169037e+08, 6.95896336e+08, ...,
        1.09418055e+09, 1.11374438e+09, 1.13389513e+09],
       ...,
       [6.82637680e+08, 6.89169037e+08, 6.95896336e+08, ...,
        1.09418055e+09, 1.11374438e+09, 1.13389513e+09],
       [6.82637680e+08, 6.89169037e+08, 6.95896336e+08, ...,
        1.09418055e+09, 1.11374438e+09, 1.13389513e+09],
       [6.82637680e+08, 6.89169037e+08, 6.95896336e+08, ...,
        1.09418055e+09, 1.11374438e+09, 1.13389513e+09]])), ('cost_breakdown', array([[2.17711930e+08, 2.24243287e+08, 2.30662625e+08, 2.37344604e+08,
        2.43974869e+08, 2.50621081e+08, 2.57793101e+08, 2.64723619e+08,
        2.71378303e+08, 2.78856835e+08, 2.86832424e+08, 2.94834669e+08,
        3.02748493e+08, 3.10658651e+08, 3.19100254e+08, 2.62199340e+08,
        2.69040581e+08, 2.76248223e+08, 2.84239176e+08, 2.92460962e+08,
        3.00500839e+08, 3.08867890e+08, 3.17800219e+08, 3.26761362e+08,
        3.36564203e+08, 3.46661129e+08, 3.57060963e+08, 3.67772792e+08,
        3.78805976e+08, 3.90170155e+08, 4.01875260e+08, 4.13931518e+08,
        4.26349463e+08, 4.39139947e+08, 4.52314146e+08, 4.65883570e+08,
        4.79860077e+08, 4.94255879e+08, 5.09083556e+08, 5.24356062e+08,
        5.40086744e+08, 5.56289347e+08, 5.72978027e+08, 5.90167368e+08,
        6.07872389e+08, 6.26108560e+08, 6.44891817e+08, 6.64238572e+08,
        6.84165729e+08, 7.04690701e+08],
       [4.64925750e+08, 4.64925750e+08, 4.64305849e+08, 4.63840923e+08,
        4.62911072e+08, 4.61671270e+08, 4.61051369e+08, 4.59656592e+08,
        4.57486938e+08, 4.56402111e+08, 4.55782210e+08, 4.54852359e+08,
        4.53457582e+08, 4.51752854e+08, 4.50513052e+08, 4.49273250e+08,
        4.47568522e+08, 4.46173745e+08, 4.45708819e+08, 4.45243893e+08,
        4.44159066e+08, 4.43229215e+08, 4.42764289e+08, 4.41989413e+08,
        4.41989413e+08, 4.41989413e+08, 4.41989413e+08, 4.41989413e+08,
        4.41989413e+08, 4.41989413e+08, 4.41989413e+08, 4.41989413e+08,
        4.41989413e+08, 4.41989413e+08, 4.41989413e+08, 4.41989413e+08,
        4.41989413e+08, 4.41989413e+08, 4.41989413e+08, 4.41989413e+08,
        4.41989413e+08, 4.41989413e+08, 4.41989413e+08, 4.41989413e+08,
        4.41989413e+08, 4.41989413e+08, 4.41989413e+08, 4.41989413e+08,
        4.41989413e+08, 4.41989413e+08],
       [0.00000000e+00, 0.00000000e+00, 9.52000000e+05, 7.84336000e+05,
        1.55108800e+06, 2.13259200e+06, 1.32126400e+06, 2.58160000e+06,
        3.92985600e+06, 2.51003200e+06, 1.91912000e+06, 2.46545600e+06,
        3.28496000e+06, 3.91921600e+06, 3.39864000e+06, 3.53931200e+06,
        4.39398400e+06, 4.11140800e+06, 2.84166400e+06, 2.89441600e+06,
        3.89916800e+06, 3.78425600e+06, 3.17576000e+06, 3.70451200e+06,
        2.60243200e+06, 2.60243200e+06, 2.60243200e+06, 2.60243200e+06,
        2.60243200e+06, 2.60243200e+06, 2.60243200e+06, 2.60243200e+06,
        2.60243200e+06, 2.60243200e+06, 2.60243200e+06, 2.60243200e+06,
        2.60243200e+06, 2.60243200e+06, 2.60243200e+06, 2.60243200e+06,
        2.60243200e+06, 2.60243200e+06, 2.60243200e+06, 2.60243200e+06,
        2.60243200e+06, 2.60243200e+06, 2.60243200e+06, 2.60243200e+06,
        2.60243200e+06, 2.60243200e+06],
       [0.00000000e+00, 0.00000000e+00, 8.48434848e+06, 6.45528000e+06,
        1.28875553e+07, 1.72677575e+07, 8.96744633e+06, 1.96649006e+07,
        3.04773781e+07, 1.59518335e+07, 9.74960477e+06, 1.40837976e+07,
        2.05850870e+07, 2.50343031e+07, 1.89240930e+07, 1.91081303e+07,
        2.56554290e+07, 2.16663060e+07, 9.14682520e+06, 9.21583918e+06,
        1.77692016e+07, 1.58091471e+07, 9.58391374e+06, 1.38951020e+07,
        3.40468966e+06, 3.40468966e+06, 3.40468966e+06, 3.40468966e+06,
        3.40468966e+06, 3.40468966e+06, 3.40468966e+06, 3.40468966e+06,
        3.40468966e+06, 3.40468966e+06, 3.40468966e+06, 3.40468966e+06,
        3.40468966e+06, 3.40468966e+06, 3.40468966e+06, 3.40468966e+06,
        3.40468966e+06, 3.40468966e+06, 3.40468966e+06, 3.40468966e+06,
        3.40468966e+06, 3.40468966e+06, 3.40468966e+06, 3.40468966e+06,
        3.40468966e+06, 3.40468966e+06],
       [0.00000000e+00, 0.00000000e+00, 8.91694027e+06, 6.68779502e+06,
        1.33755676e+07, 1.78341724e+07, 8.91741180e+06, 2.00636769e+07,
        3.12100544e+07, 1.56057233e+07, 8.91817523e+06, 1.33767352e+07,
        2.00645751e+07, 2.45232473e+07, 1.78357891e+07, 1.78359687e+07,
        2.45238536e+07, 2.00656304e+07, 6.69042211e+06, 6.69048947e+06,
        1.56074971e+07, 1.33784192e+07, 6.69084873e+06, 1.11493862e+07,
        3.32316143e+03, 3.32316143e+03, 3.32316143e+03, 3.32316143e+03,
        3.32316143e+03, 3.32316143e+03, 3.32316143e+03, 3.32316143e+03,
        3.32316143e+03, 3.32316143e+03, 3.32316143e+03, 3.32316143e+03,
        3.32316143e+03, 3.32316143e+03, 3.32316143e+03, 3.32316143e+03,
        3.32316143e+03, 3.32316143e+03, 3.32316143e+03, 3.32316143e+03,
        3.32316143e+03, 3.32316143e+03, 3.32316143e+03, 3.32316143e+03,
        3.32316143e+03, 3.32316143e+03]])), ('cost_percent', array([[1.11081380e-02, 1.14413821e-02, 1.17610544e-02, 1.21057939e-02,
        1.24439631e-02, 1.27872348e-02, 1.31354819e-02, 1.34794538e-02,
        1.38603850e-02, 1.42423782e-02, 1.45800791e-02, 1.49867289e-02,
        1.54204932e-02, 1.58504827e-02, 1.62755910e-02, 1.33825975e-02,
        1.37508035e-02, 1.41339533e-02, 1.45327589e-02, 1.49168030e-02,
        1.53375586e-02, 1.57701345e-02, 1.62205366e-02, 1.66662324e-02,
        1.71662194e-02, 1.76812060e-02, 1.82116422e-02, 1.87579914e-02,
        1.93207312e-02, 1.99003531e-02, 2.04973637e-02, 2.11122846e-02,
        2.17456531e-02, 2.23980227e-02, 2.30699634e-02, 2.37620623e-02,
        2.44749242e-02, 2.52091719e-02, 2.59654471e-02, 2.67444105e-02,
        2.75467428e-02, 2.83731451e-02, 2.92243394e-02, 3.01010696e-02,
        3.10041017e-02, 3.19342247e-02, 3.28922515e-02, 3.38790190e-02,
        3.48953896e-02, 3.59422513e-02],
       [2.07786451e-02, 2.07786451e-02, 2.07370878e-02, 2.07232354e-02,
        2.06816781e-02, 2.06331946e-02, 2.05777849e-02, 2.05015965e-02,
        2.04669654e-02, 2.04184819e-02, 2.02938100e-02, 2.02522528e-02,
        2.02314741e-02, 2.01899168e-02, 2.01275809e-02, 2.00860236e-02,
        2.00375401e-02, 1.99959828e-02, 1.99613517e-02, 1.98920896e-02,
        1.98574585e-02, 1.98228274e-02, 1.97951226e-02, 1.97466391e-02,
        1.97466391e-02, 1.97466391e-02, 1.97466391e-02, 1.97466391e-02,
        1.97466391e-02, 1.97466391e-02, 1.97466391e-02, 1.97466391e-02,
        1.97466391e-02, 1.97466391e-02, 1.97466391e-02, 1.97466391e-02,
        1.97466391e-02, 1.97466391e-02, 1.97466391e-02, 1.97466391e-02,
        1.97466391e-02, 1.97466391e-02, 1.97466391e-02, 1.97466391e-02,
        1.97466391e-02, 1.97466391e-02, 1.97466391e-02, 1.97466391e-02,
        1.97466391e-02, 1.97466391e-02],
       [0.00000000e+00, 0.00000000e+00, 1.08443357e-02, 4.41598362e-03,
        1.19126091e-02, 1.45212034e-02, 1.72633319e-02, 2.37537732e-02,
        1.43783134e-02, 1.86607628e-02, 3.94767842e-02, 2.01917279e-02,
        1.55707650e-02, 2.13935354e-02, 2.76169083e-02, 2.33965480e-02,
        2.60051423e-02, 2.51324923e-02, 2.41263080e-02, 3.38309253e-02,
        2.61293206e-02, 2.67969915e-02, 2.56572731e-02, 3.16135776e-02,
        1.98965918e-02, 1.98965918e-02, 1.98965918e-02, 1.98965918e-02,
        1.98965918e-02, 1.98965918e-02, 1.98965918e-02, 1.98965918e-02,
        1.98965918e-02, 1.98965918e-02, 1.98965918e-02, 1.98965918e-02,
        1.98965918e-02, 1.98965918e-02, 1.98965918e-02, 1.98965918e-02,
        1.98965918e-02, 1.98965918e-02, 1.98965918e-02, 1.98965918e-02,
        1.98965918e-02, 1.98965918e-02, 1.98965918e-02, 1.98965918e-02,
        1.98965918e-02, 1.98965918e-02],
       [0.00000000e+00, 0.00000000e+00, 2.87980234e-02, 9.91167567e-03,
        2.92144695e-02, 3.43264746e-02, 3.94905354e-02, 5.43059932e-02,
        2.60805830e-02, 3.59402029e-02, 8.91009695e-02, 3.24419262e-02,
        1.83552490e-02, 3.29104280e-02, 4.76217742e-02, 3.36912643e-02,
        3.88032694e-02, 3.43679891e-02, 2.98806530e-02, 5.41392847e-02,
        3.06614893e-02, 3.09217681e-02, 2.63823763e-02, 4.09896110e-02,
        7.75630732e-03, 7.75630732e-03, 7.75630732e-03, 7.75630732e-03,
        7.75630732e-03, 7.75630732e-03, 7.75630732e-03, 7.75630732e-03,
        7.75630732e-03, 7.75630732e-03, 7.75630732e-03, 7.75630732e-03,
        7.75630732e-03, 7.75630732e-03, 7.75630732e-03, 7.75630732e-03,
        7.75630732e-03, 7.75630732e-03, 7.75630732e-03, 7.75630732e-03,
        7.75630732e-03, 7.75630732e-03, 7.75630732e-03, 7.75630732e-03,
        7.75630732e-03, 7.75630732e-03],
       [0.00000000e+00, 0.00000000e+00, 4.02535663e-02, 1.34182609e-02,
        4.02541069e-02, 4.69634400e-02, 5.36728408e-02, 7.38001645e-02,
        3.35473416e-02, 4.69655349e-02, 1.20764213e-01, 4.02582965e-02,
        2.01319188e-02, 4.02589047e-02, 6.03860933e-02, 4.02599183e-02,
        4.69692515e-02, 4.02607968e-02, 3.35522745e-02, 6.70972510e-02,
        3.35532882e-02, 3.35536260e-02, 2.68450362e-02, 4.69720896e-02,
        1.00686962e-05, 1.00686962e-05, 1.00686962e-05, 1.00686962e-05,
        1.00686962e-05, 1.00686962e-05, 1.00686962e-05, 1.00686962e-05,
        1.00686962e-05, 1.00686962e-05, 1.00686962e-05, 1.00686962e-05,
        1.00686962e-05, 1.00686962e-05, 1.00686962e-05, 1.00686962e-05,
        1.00686962e-05, 1.00686962e-05, 1.00686962e-05, 1.00686962e-05,
        1.00686962e-05, 1.00686962e-05, 1.00686962e-05, 1.00686962e-05,
        1.00686962e-05, 1.00686962e-05]]))])