OrderedDict([('tech_stage', array([[0, 0, 0, ..., 2, 2, 2],
       [0, 0, 0, ..., 2, 2, 2],
       [0, 0, 0, ..., 2, 2, 2],
       ...,
       [0, 0, 0, ..., 2, 2, 2],
       [0, 0, 0, ..., 2, 2, 2],
       [0, 0, 0, ..., 2, 2, 2]])), ('res_plants', array([[0, 0, 0, ..., 5, 5, 5],
       [0, 1, 1, ..., 5, 5, 5],
       [0, 1, 1, ..., 5, 5, 5],
       ...,
       [0, 0, 0, ..., 5, 5, 5],
       [0, 1, 1, ..., 5, 5, 5],
       [0, 0, 0, ..., 5, 5, 5]])), ('res_penetration', array([[0.        , 0.        , 0.        , ..., 0.33333333, 0.33333333,
        0.33333333],
       [0.        , 0.        , 0.06666667, ..., 0.33333333, 0.33333333,
        0.33333333],
       [0.        , 0.        , 0.06666667, ..., 0.33333333, 0.33333333,
        0.33333333],
       ...,
       [0.        , 0.06666667, 0.06666667, ..., 0.33333333, 0.33333333,
        0.33333333],
       [0.        , 0.        , 0.        , ..., 0.33333333, 0.33333333,
        0.33333333],
       [0.        , 0.        , 0.        , ..., 0.33333333, 0.33333333,
        0.33333333]])), ('tax_level', array([[  0.  ,   0.  ,   0.  , ..., -24.64, -24.64, -24.64],
       [  0.  ,   0.  ,   0.  , ..., -24.64, -24.64, -24.64],
       [  0.  ,   0.  ,   0.  , ..., -24.64, -24.64, -24.64],
       ...,
       [  0.  ,   0.  ,   0.  , ..., -24.64, -24.64, -24.64],
       [  0.  ,   0.  ,   0.  , ..., -24.64, -24.64, -24.64],
       [  0.  ,   0.  ,   0.  , ..., -24.64, -24.64, -24.64]])), ('tax_adjustment', array([[ 0,  0,  0, ..., -1, -1, -1],
       [ 0,  0,  0, ..., -1, -1, -1],
       [ 0,  0,  0, ..., -1, -1, -1],
       ...,
       [ 0,  0,  0, ..., -1, -1, -1],
       [ 0,  0,  0, ..., -1, -1, -1],
       [ 0,  0,  0, ..., -1, -1, -1]])), ('co2_price', array([[123.18      , 126.8754    , 130.681662  , ..., 395.3321361 ,
        407.19210018, 419.40786319],
       [123.18      , 126.8754    , 130.681662  , ..., 395.3321361 ,
        407.19210018, 419.40786319],
       [123.18      , 126.8754    , 130.681662  , ..., 395.3321361 ,
        407.19210018, 419.40786319],
       ...,
       [123.18      , 126.8754    , 130.681662  , ..., 395.3321361 ,
        407.19210018, 419.40786319],
       [123.18      , 126.8754    , 130.681662  , ..., 395.3321361 ,
        407.19210018, 419.40786319],
       [123.18      , 126.8754    , 130.681662  , ..., 395.3321361 ,
        407.19210018, 419.40786319]])), ('co2_tax', array([[6.40959739e+08, 6.60188531e+08, 6.79994187e+08, ...,
        1.37139137e+09, 1.41253311e+09, 1.45490910e+09],
       [6.40959739e+08, 6.60188531e+08, 6.79994187e+08, ...,
        1.37139137e+09, 1.41253311e+09, 1.45490910e+09],
       [6.40959739e+08, 6.60188531e+08, 6.79994187e+08, ...,
        1.37139137e+09, 1.41253311e+09, 1.45490910e+09],
       ...,
       [6.40959739e+08, 6.60188531e+08, 6.79994187e+08, ...,
        1.50853050e+09, 1.55378642e+09, 1.60040001e+09],
       [6.40959739e+08, 6.60188531e+08, 6.79994187e+08, ...,
        1.50853050e+09, 1.55378642e+09, 1.60040001e+09],
       [6.40959739e+08, 6.60188531e+08, 6.79994187e+08, ...,
        1.50853050e+09, 1.55378642e+09, 1.60040001e+09]])), ('co2_emissions', array([[5203440., 5203440., 5203440., ..., 3468960., 3468960., 3468960.],
       [5203440., 5203440., 5203440., ..., 3468960., 3468960., 3468960.],
       [5203440., 5203440., 5203440., ..., 3468960., 3468960., 3468960.],
       ...,
       [5203440., 5203440., 4856544., ..., 3468960., 3468960., 3468960.],
       [5203440., 5203440., 5203440., ..., 3468960., 3468960., 3468960.],
       [5203440., 5203440., 5203440., ..., 3468960., 3468960., 3468960.]])), ('cost_total', array([[1.10588549e+09, 1.12511428e+09, 1.14491994e+09, ...,
        1.73100699e+09, 1.77214873e+09, 1.81452472e+09],
       [1.10588549e+09, 1.12511428e+09, 1.14491994e+09, ...,
        1.73100699e+09, 1.77214873e+09, 1.81452472e+09],
       [1.10588549e+09, 2.13132906e+09, 1.07769656e+09, ...,
        1.73100699e+09, 1.77214873e+09, 1.81452472e+09],
       ...,
       [1.10588549e+09, 2.13132906e+09, 1.07769656e+09, ...,
        1.73100699e+09, 1.77214873e+09, 1.81452472e+09],
       [1.10588549e+09, 1.12511428e+09, 1.14491994e+09, ...,
        1.73100699e+09, 1.77214873e+09, 1.81452472e+09],
       [1.10588549e+09, 1.12511428e+09, 1.14491994e+09, ...,
        2.52201280e+09, 2.58372541e+09, 2.64728940e+09]])), ('cost_breakdown', array([[6.40959739e+08, 6.54246835e+08, 6.68660951e+08, 6.80782981e+08,
        6.78602421e+08, 6.87071725e+08, 6.97224238e+08, 7.04477104e+08,
        7.15326735e+08, 7.16436398e+08, 7.24147149e+08, 7.39365151e+08,
        7.27428840e+08, 7.38270210e+08, 7.46845189e+08, 6.10049835e+08,
        6.20123246e+08, 6.34489481e+08, 6.48868606e+08, 6.56346598e+08,
        6.68937064e+08, 6.84553827e+08, 7.02797998e+08, 7.20508769e+08,
        7.37954796e+08, 7.56514846e+08, 7.62992102e+08, 7.83224293e+08,
        8.05938936e+08, 8.27700461e+08, 8.49627475e+08, 8.71270573e+08,
        8.96528446e+08, 9.22064323e+08, 9.49259327e+08, 9.75813374e+08,
        1.00508778e+09, 1.03421996e+09, 1.06524656e+09, 1.09612137e+09,
        1.12844748e+09, 1.16230090e+09, 1.19716993e+09, 1.23308503e+09,
        1.27007758e+09, 1.30817991e+09, 1.34742530e+09, 1.38784806e+09,
        1.42948351e+09, 1.47236801e+09],
       [4.64925750e+08, 4.60741418e+08, 4.57176988e+08, 4.51907829e+08,
        4.37340156e+08, 4.29901344e+08, 4.23547358e+08, 4.15488645e+08,
        4.09599586e+08, 3.98286392e+08, 3.90847580e+08, 3.87438125e+08,
        3.70080897e+08, 3.64656763e+08, 3.58147803e+08, 3.55048298e+08,
        3.50399040e+08, 3.48074412e+08, 3.45594808e+08, 3.39395798e+08,
        3.35831367e+08, 3.33661713e+08, 3.32576886e+08, 3.31027134e+08,
        3.29167431e+08, 3.27617678e+08, 3.20798768e+08, 3.19713941e+08,
        3.19403990e+08, 3.18474139e+08, 3.17389312e+08, 3.15994535e+08,
        3.15684584e+08, 3.15219658e+08, 3.15064683e+08, 3.14444782e+08,
        3.14444782e+08, 3.14134832e+08, 3.14134832e+08, 3.13824881e+08,
        3.13669906e+08, 3.13669906e+08, 3.13669906e+08, 3.13669906e+08,
        3.13669906e+08, 3.13669906e+08, 3.13669906e+08, 3.13669906e+08,
        3.13669906e+08, 3.13669906e+08],
       [0.00000000e+00, 9.74160000e+06, 8.15916800e+06, 1.14861440e+07,
        3.23271680e+07, 1.80021760e+07, 1.67381280e+07, 2.18355680e+07,
        1.70503520e+07, 2.76891520e+07, 2.18340800e+07, 1.48003840e+07,
        4.53505920e+07, 2.09481440e+07, 2.57641760e+07, 1.91447200e+07,
        2.20630560e+07, 1.85735840e+07, 1.85595840e+07, 2.58005760e+07,
        2.14558880e+07, 1.93351840e+07, 1.75469600e+07, 1.79567040e+07,
        1.85201280e+07, 1.89624640e+07, 3.08848320e+07, 1.90408160e+07,
        1.74630560e+07, 1.83323360e+07, 1.91080960e+07, 1.99134880e+07,
        1.76591200e+07, 1.83006880e+07, 1.74893920e+07, 1.85353440e+07,
        1.73000160e+07, 1.80216160e+07, 1.72909760e+07, 1.80125760e+07,
        1.75248480e+07, 1.73044320e+07, 1.72847840e+07, 1.72847840e+07,
        1.72847840e+07, 1.72847840e+07, 1.72749600e+07, 1.72405760e+07,
        1.72405760e+07, 1.72209280e+07],
       [0.00000000e+00, 7.60340772e+07, 6.59485931e+07, 9.83423678e+07,
        3.09213119e+08, 1.59516046e+08, 1.38615328e+08, 1.72413566e+08,
        1.33273362e+08, 2.48472964e+08, 1.69421543e+08, 8.75469242e+07,
        4.19031110e+08, 1.43273157e+08, 1.63017629e+08, 8.69934973e+07,
        1.22885542e+08, 7.07880705e+07, 7.80202899e+07, 1.70531551e+08,
        1.06065771e+08, 7.50484229e+07, 5.10065051e+07, 6.31946987e+07,
        7.08841290e+07, 6.20488859e+07, 2.11051318e+08, 5.56743165e+07,
        3.75898957e+07, 5.33839144e+07, 5.62604987e+07, 6.19689732e+07,
        3.84661414e+07, 4.06297556e+07, 3.41447393e+07, 4.41140970e+07,
        3.09322237e+07, 3.70332287e+07, 3.09820631e+07, 3.70830681e+07,
        3.39180678e+07, 3.10632049e+07, 3.10632049e+07, 3.10632049e+07,
        3.10632049e+07, 3.10632049e+07, 3.10632049e+07, 3.10632049e+07,
        3.10632049e+07, 3.10632049e+07],
       [0.00000000e+00, 6.01893468e+07, 5.62416977e+07, 8.82168772e+07,
        2.66648078e+08, 1.43553036e+08, 1.23196137e+08, 1.46305590e+08,
        1.19409109e+08, 2.28111404e+08, 1.50470064e+08, 7.38678178e+07,
        3.51514323e+08, 1.23262266e+08, 1.24643573e+08, 5.96615592e+07,
        9.51549279e+07, 4.25352478e+07, 5.28404816e+07, 1.37347547e+08,
        7.72739391e+07, 4.64144145e+07, 2.32203667e+07, 3.83550234e+07,
        4.60211971e+07, 3.10843895e+07, 1.52566564e+08, 2.38124008e+07,
        8.28391291e+06, 2.47937750e+07, 2.38129729e+07, 2.81378094e+07,
        8.28476817e+06, 7.89290167e+06, 3.56838394e+06, 1.14313594e+07,
        3.01915249e+04, 4.85980898e+06, 3.02401709e+04, 4.85985763e+06,
        3.06361118e+06, 3.03193697e+04, 3.03193697e+04, 3.03193697e+04,
        3.03193697e+04, 3.03193697e+04, 3.03193697e+04, 3.03193697e+04,
        3.03193697e+04, 3.03193697e+04]])), ('cost_percent', array([[1.46812283e-02, 1.49805296e-02, 1.52222746e-02, 1.55452547e-02,
        1.53947219e-02, 1.56069432e-02, 1.56485845e-02, 1.59134067e-02,
        1.60684480e-02, 1.62950925e-02, 1.64156455e-02, 1.66439256e-02,
        1.64036488e-02, 1.66226665e-02, 1.69510953e-02, 1.38085567e-02,
        1.40908880e-02, 1.43518490e-02, 1.47024276e-02, 1.50062066e-02,
        1.53715453e-02, 1.57380159e-02, 1.61426454e-02, 1.64955782e-02,
        1.68551586e-02, 1.73116326e-02, 1.74679455e-02, 1.79398080e-02,
        1.84332179e-02, 1.89585378e-02, 1.95177916e-02, 2.00348135e-02,
        2.05753718e-02, 2.11510991e-02, 2.17428522e-02, 2.23620904e-02,
        2.30329531e-02, 2.37239417e-02, 2.44356599e-02, 2.51687297e-02,
        2.59237916e-02, 2.67015053e-02, 2.75025505e-02, 2.83276270e-02,
        2.91774558e-02, 3.00527795e-02, 3.09543629e-02, 3.18829938e-02,
        3.28394836e-02, 3.38246681e-02],
       [2.66415644e-02, 2.63929098e-02, 2.60376889e-02, 2.58156759e-02,
        2.48210575e-02, 2.44303145e-02, 2.37820365e-02, 2.34800988e-02,
        2.30183116e-02, 2.26630908e-02, 2.21657816e-02, 2.18194412e-02,
        2.08781060e-02, 2.05406461e-02, 2.03363942e-02, 2.01055006e-02,
        1.99190096e-02, 1.96969966e-02, 1.95904304e-02, 1.94128199e-02,
        1.93062537e-02, 1.91908069e-02, 1.91108822e-02, 1.89599133e-02,
        1.88089445e-02, 1.87556613e-02, 1.83737989e-02, 1.83205158e-02,
        1.82761132e-02, 1.82494716e-02, 1.82405911e-02, 1.81784274e-02,
        1.81251443e-02, 1.80896222e-02, 1.80541001e-02, 1.80274586e-02,
        1.80274586e-02, 1.80274586e-02, 1.80274586e-02, 1.80274586e-02,
        1.80274586e-02, 1.80274586e-02, 1.80274586e-02, 1.80274586e-02,
        1.80274586e-02, 1.80274586e-02, 1.80274586e-02, 1.80274586e-02,
        1.80274586e-02, 1.80274586e-02],
       [0.00000000e+00, 1.05136370e-02, 1.33439600e-02, 9.69096235e-03,
        4.08323916e-02, 1.86268378e-02, 2.76373776e-02, 1.71255057e-02,
        2.29524317e-02, 1.94084003e-02, 2.60970649e-02, 2.11628655e-02,
        4.70035169e-02, 2.53680539e-02, 2.04464762e-02, 2.16615556e-02,
        2.03365942e-02, 2.18803372e-02, 1.85862419e-02, 2.15234663e-02,
        1.85890726e-02, 2.01758758e-02, 1.86562273e-02, 2.15232165e-02,
        2.18189771e-02, 1.82553137e-02, 3.24830586e-02, 1.97909974e-02,
        1.90601215e-02, 1.85949005e-02, 1.81339756e-02, 1.99400100e-02,
        1.97744127e-02, 1.93837230e-02, 1.94160266e-02, 1.91546343e-02,
        1.80370650e-02, 1.80370650e-02, 1.79603857e-02, 1.79246021e-02,
        1.79246021e-02, 1.79246021e-02, 1.79246021e-02, 1.79246021e-02,
        1.79041543e-02, 1.79041543e-02, 1.79041543e-02, 1.79041543e-02,
        1.79041543e-02, 1.78734825e-02],
       [0.00000000e+00, 1.78534899e-02, 2.60296584e-02, 1.65190559e-02,
        8.29048935e-02, 3.30499299e-02, 5.50072575e-02, 2.69564206e-02,
        4.05609174e-02, 3.26465954e-02, 4.40042762e-02, 3.24261162e-02,
        9.19105976e-02, 3.40143502e-02, 2.30415891e-02, 2.50335602e-02,
        2.14724508e-02, 2.46716881e-02, 1.48448768e-02, 2.21594306e-02,
        1.56359862e-02, 1.58845082e-02, 1.31289053e-02, 1.93505672e-02,
        1.94773312e-02, 1.12055165e-02, 4.90783481e-02, 1.17025078e-02,
        1.11549757e-02, 9.42477563e-03, 7.67528734e-03, 1.26015868e-02,
        1.17693253e-02, 1.00382094e-02, 9.93931067e-03, 9.20365556e-03,
        6.97300350e-03, 6.97300350e-03, 6.97300350e-03, 6.97300350e-03,
        6.97300350e-03, 6.97300350e-03, 6.97300350e-03, 6.97300350e-03,
        6.97300350e-03, 6.97300350e-03, 6.97300350e-03, 6.97300350e-03,
        6.97300350e-03, 6.97300350e-03],
       [0.00000000e+00, 2.09080191e-02, 3.48618108e-02, 2.11649367e-02,
        1.03929837e-01, 4.25355294e-02, 7.40937287e-02, 3.44479482e-02,
        5.36368437e-02, 4.39308769e-02, 5.68733287e-02, 4.19658195e-02,
        1.11285062e-01, 3.90512737e-02, 2.58826322e-02, 2.86379957e-02,
        2.38510696e-02, 2.80368289e-02, 1.35144813e-02, 2.24717845e-02,
        1.54148771e-02, 1.30453814e-02, 1.03456667e-02, 1.81811527e-02,
        1.81813358e-02, 7.71232998e-03, 5.13682128e-02, 6.59374407e-03,
        6.92242797e-03, 4.15740135e-03, 1.39234688e-03, 8.17381214e-03,
        6.79134625e-03, 4.02631831e-03, 3.82903047e-03, 2.64384911e-03,
        1.00686723e-05, 1.00686723e-05, 1.00686723e-05, 1.00686723e-05,
        1.00686723e-05, 1.00686723e-05, 1.00686723e-05, 1.00686723e-05,
        1.00686723e-05, 1.00686723e-05, 1.00686723e-05, 1.00686723e-05,
        1.00686723e-05, 1.00686723e-05]]))])