OrderedDict([('tech_stage', array([[0, 0, 0, ..., 2, 2, 2],
       [0, 0, 0, ..., 2, 2, 2],
       [0, 0, 1, ..., 2, 2, 2],
       ...,
       [0, 0, 0, ..., 2, 2, 2],
       [0, 0, 0, ..., 2, 2, 2],
       [0, 0, 0, ..., 2, 2, 2]])), ('res_plants', array([[0, 0, 0, ..., 5, 5, 5],
       [0, 0, 0, ..., 5, 5, 5],
       [0, 1, 1, ..., 5, 5, 5],
       ...,
       [0, 0, 0, ..., 4, 4, 4],
       [0, 0, 0, ..., 3, 3, 3],
       [0, 0, 0, ..., 5, 5, 5]])), ('res_penetration', array([[0.        , 0.        , 0.        , ..., 0.33333333, 0.33333333,
        0.33333333],
       [0.        , 0.        , 0.        , ..., 0.33333333, 0.33333333,
        0.33333333],
       [0.        , 0.        , 0.        , ..., 0.33333333, 0.33333333,
        0.33333333],
       ...,
       [0.        , 0.        , 0.        , ..., 0.33333333, 0.33333333,
        0.33333333],
       [0.        , 0.        , 0.        , ..., 0.33333333, 0.33333333,
        0.33333333],
       [0.        , 0.        , 0.        , ..., 0.33333333, 0.33333333,
        0.33333333]])), ('tax_level', array([[  0.  ,   0.  ,   0.  , ..., -24.64, -24.64, -24.64],
       [  0.  ,   0.  ,   0.  , ..., -24.64, -24.64, -24.64],
       [  0.  ,   0.  ,   0.  , ..., -24.64, -24.64, -24.64],
       ...,
       [  0.  ,   0.  ,   0.  , ..., -24.64, -24.64, -24.64],
       [  0.  ,   0.  ,   0.  , ..., -24.64, -24.64, -24.64],
       [  0.  ,   0.  ,   0.  , ..., -24.64, -24.64, -24.64]])), ('tax_adjustment', array([[ 0,  0,  0, ..., -1, -1, -1],
       [ 0,  0,  0, ..., -1, -1, -1],
       [ 0,  0,  0, ..., -1, -1, -1],
       ...,
       [ 0,  0,  0, ..., -1, -1, -1],
       [ 0,  0,  0, ..., -1, -1, -1],
       [ 0,  0,  0, ..., -1, -1, -1]])), ('co2_price', array([[123.18      , 126.8754    , 130.681662  , ..., 395.3321361 ,
        407.19210018, 419.40786319],
       [123.18      , 126.8754    , 130.681662  , ..., 395.3321361 ,
        407.19210018, 419.40786319],
       [123.18      , 126.8754    , 130.681662  , ..., 395.3321361 ,
        407.19210018, 419.40786319],
       ...,
       [123.18      , 126.8754    , 130.681662  , ..., 395.3321361 ,
        407.19210018, 419.40786319],
       [123.18      , 126.8754    , 130.681662  , ..., 395.3321361 ,
        407.19210018, 419.40786319],
       [123.18      , 126.8754    , 130.681662  , ..., 395.3321361 ,
        407.19210018, 419.40786319]])), ('co2_tax', array([[6.40959739e+08, 6.60188531e+08, 6.34661241e+08, ...,
        1.37139137e+09, 1.41253311e+09, 1.45490910e+09],
       [6.40959739e+08, 6.60188531e+08, 6.79994187e+08, ...,
        1.50853050e+09, 1.55378642e+09, 1.60040001e+09],
       [6.40959739e+08, 6.60188531e+08, 6.79994187e+08, ...,
        1.37139137e+09, 1.41253311e+09, 1.45490910e+09],
       ...,
       [6.40959739e+08, 6.60188531e+08, 6.79994187e+08, ...,
        1.37139137e+09, 1.41253311e+09, 1.45490910e+09],
       [6.40959739e+08, 6.16175963e+08, 6.34661241e+08, ...,
        1.37139137e+09, 1.41253311e+09, 1.45490910e+09],
       [6.40959739e+08, 6.16175963e+08, 6.34661241e+08, ...,
        1.37139137e+09, 1.41253311e+09, 1.45490910e+09]])), ('co2_emissions', array([[5203440., 5203440., 5203440., ..., 3468960., 3468960., 3468960.],
       [5203440., 4856544., 4856544., ..., 3468960., 3468960., 3468960.],
       [5203440., 5203440., 4856544., ..., 3468960., 3468960., 3468960.],
       ...,
       [5203440., 4856544., 4856544., ..., 3468960., 3468960., 3468960.],
       [5203440., 4856544., 4856544., ..., 3468960., 3468960., 3468960.],
       [5203440., 5203440., 5203440., ..., 3468960., 3468960., 3468960.]])), ('cost_total', array([[1.10588549e+09, 1.12511428e+09, 1.14491994e+09, ...,
        1.88709740e+09, 1.93235331e+09, 1.97896691e+09],
       [1.10588549e+09, 2.13132906e+09, 1.07769656e+09, ...,
        1.73100699e+09, 1.77214873e+09, 1.81452472e+09],
       [1.10588549e+09, 1.12511428e+09, 1.14491994e+09, ...,
        1.73100699e+09, 1.77214873e+09, 1.81452472e+09],
       ...,
       [1.10588549e+09, 1.12511428e+09, 1.14491994e+09, ...,
        1.73100699e+09, 1.77214873e+09, 1.81452472e+09],
       [1.10588549e+09, 1.12511428e+09, 1.14491994e+09, ...,
        1.73100699e+09, 1.77214873e+09, 1.81452472e+09],
       [1.10588549e+09, 1.12511428e+09, 1.14491994e+09, ...,
        2.04440485e+09, 2.09377494e+09, 2.14462613e+09]])), ('cost_breakdown', array([[6.40959739e+08, 6.54686960e+08, 6.66620968e+08, 6.76814081e+08,
        6.68502739e+08, 6.76916736e+08, 6.91866862e+08, 6.93178143e+08,
        7.03959454e+08, 5.73794872e+08, 5.82969346e+08, 5.91231524e+08,
        5.96784227e+08, 6.07910877e+08, 6.15548668e+08, 6.25760416e+08,
        6.38225031e+08, 6.48896855e+08, 6.59925559e+08, 6.59943018e+08,
        6.73258762e+08, 6.90594943e+08, 7.07382887e+08, 7.22195353e+08,
        7.38649669e+08, 7.55799127e+08, 7.64466482e+08, 7.82844640e+08,
        8.03592680e+08, 8.25686591e+08, 8.47138332e+08, 8.71270573e+08,
        8.95648202e+08, 9.21157671e+08, 9.45990849e+08, 9.74370575e+08,
        1.00360169e+09, 1.03370974e+09, 1.06472103e+09, 1.09666267e+09,
        1.12956255e+09, 1.16344942e+09, 1.19835290e+09, 1.23430349e+09,
        1.27133260e+09, 1.30947257e+09, 1.34875675e+09, 1.38921945e+09,
        1.43089604e+09, 1.47382292e+09],
       [4.64925750e+08, 4.61051369e+08, 4.55782210e+08, 4.49273250e+08,
        4.30831195e+08, 4.23547358e+08, 4.20292878e+08, 4.08824710e+08,
        4.03090625e+08, 3.98751318e+08, 3.93327184e+08, 3.87283150e+08,
        3.79534387e+08, 3.75350056e+08, 3.68996070e+08, 3.64191838e+08,
        3.60627407e+08, 3.55978149e+08, 3.51483867e+08, 3.41255500e+08,
        3.38001020e+08, 3.36606243e+08, 3.34746540e+08, 3.31802010e+08,
        3.29477382e+08, 3.27307728e+08, 3.21418668e+08, 3.19558966e+08,
        3.18474139e+08, 3.17699262e+08, 3.16459460e+08, 3.15994535e+08,
        3.15374634e+08, 3.14909708e+08, 3.13979856e+08, 3.13979856e+08,
        3.13979856e+08, 3.13979856e+08, 3.13979856e+08, 3.13979856e+08,
        3.13979856e+08, 3.13979856e+08, 3.13979856e+08, 3.13979856e+08,
        3.13979856e+08, 3.13979856e+08, 3.13979856e+08, 3.13979856e+08,
        3.13979856e+08, 3.13979856e+08],
       [0.00000000e+00, 9.02000000e+06, 1.17096640e+07, 1.38087360e+07,
        3.88216960e+07, 1.87679520e+07, 1.16429920e+07, 2.67924480e+07,
        1.77649440e+07, 1.55269280e+07, 1.75035360e+07, 1.82113760e+07,
        2.50321440e+07, 1.74508480e+07, 2.21810720e+07, 1.92743680e+07,
        1.76207520e+07, 2.08700640e+07, 2.14150080e+07, 3.49159680e+07,
        2.07246720e+07, 1.75011360e+07, 1.87123200e+07, 2.09135200e+07,
        1.95146080e+07, 1.98645600e+07, 2.90008000e+07, 2.06123840e+07,
        1.91225440e+07, 1.81998400e+07, 1.99841600e+07, 1.79327840e+07,
        1.85722880e+07, 1.79920160e+07, 1.94562720e+07, 1.74068000e+07,
        1.73871520e+07, 1.73871520e+07, 1.73331200e+07, 1.73134720e+07,
        1.73134720e+07, 1.73134720e+07, 1.73134720e+07, 1.72938240e+07,
        1.72938240e+07, 1.72741760e+07, 1.72741760e+07, 1.72741760e+07,
        1.72545280e+07, 1.72201440e+07],
       [0.00000000e+00, 7.04019234e+07, 9.71582790e+07, 1.21661360e+08,
        3.90835178e+08, 1.56768825e+08, 6.98572282e+07, 2.50007475e+08,
        1.30658013e+08, 9.61975715e+07, 1.17928900e+08, 1.55154095e+08,
        1.77300796e+08, 1.06253188e+08, 1.51939713e+08, 1.22777251e+08,
        9.74094953e+07, 1.18557169e+08, 1.15439611e+08, 2.66179143e+08,
        9.84473096e+07, 5.74180109e+07, 6.76693184e+07, 9.25895550e+07,
        8.06567235e+07, 7.65575658e+07, 1.89433883e+08, 7.38865173e+07,
        5.59623456e+07, 4.96595489e+07, 5.90417723e+07, 4.22534110e+07,
        4.44596185e+07, 4.25049261e+07, 5.07167692e+07, 3.10133655e+07,
        3.10133655e+07, 3.10133655e+07, 3.10133655e+07, 3.10133655e+07,
        3.10133655e+07, 3.10133655e+07, 3.10133655e+07, 3.10133655e+07,
        3.10133655e+07, 3.10133655e+07, 3.10133655e+07, 3.10133655e+07,
        3.10133655e+07, 3.10133655e+07],
       [0.00000000e+00, 5.57308767e+07, 8.32475809e+07, 1.11019670e+08,
        3.50357948e+08, 1.37684844e+08, 5.73873457e+07, 2.30764554e+08,
        1.13541046e+08, 8.14488174e+07, 1.04136163e+08, 1.47244090e+08,
        1.44823697e+08, 8.93989124e+07, 1.30116502e+08, 1.05969726e+08,
        7.97429554e+07, 9.31927357e+07, 8.73241816e+07, 2.08579295e+08,
        6.96078347e+07, 3.08852931e+07, 3.87485437e+07, 6.19434488e+07,
        5.38839805e+07, 4.64158875e+07, 1.33499571e+08, 3.93410134e+07,
        2.38126819e+07, 2.06665282e+07, 2.28320779e+07, 1.24120763e+07,
        1.20202514e+07, 1.24123218e+07, 1.57559920e+07, 3.02707238e+04,
        3.02707238e+04, 3.02707238e+04, 3.02707238e+04, 3.02707238e+04,
        3.02707238e+04, 3.02707238e+04, 3.02707238e+04, 3.02707238e+04,
        3.02707238e+04, 3.02707238e+04, 3.02707238e+04, 3.02707238e+04,
        3.02707238e+04, 3.02707238e+04]])), ('cost_percent', array([[1.49800509e-02, 1.53163031e-02, 1.55744893e-02, 1.59271402e-02,
        1.57586475e-02, 1.59014532e-02, 1.61757779e-02, 1.61758972e-02,
        1.63955061e-02, 1.33946860e-02, 1.36569508e-02, 1.38233681e-02,
        1.38963555e-02, 1.41255314e-02, 1.43801195e-02, 1.45999299e-02,
        1.48584470e-02, 1.51721538e-02, 1.54913104e-02, 1.53746836e-02,
        1.56699895e-02, 1.59989006e-02, 1.63870207e-02, 1.67682620e-02,
        1.71738694e-02, 1.74967219e-02, 1.76856564e-02, 1.81363693e-02,
        1.86347645e-02, 1.91467407e-02, 1.96726642e-02, 2.02129111e-02,
        2.07678674e-02, 2.13803086e-02, 2.20217178e-02, 2.26823694e-02,
        2.33628404e-02, 2.40637257e-02, 2.47856374e-02, 2.55292066e-02,
        2.62950827e-02, 2.70839352e-02, 2.78964533e-02, 2.87333469e-02,
        2.95953473e-02, 3.04832077e-02, 3.13977039e-02, 3.23396351e-02,
        3.33098241e-02, 3.43091188e-02],
       [2.65599547e-02, 2.63651817e-02, 2.60287556e-02, 2.58428359e-02,
        2.48247043e-02, 2.43200652e-02, 2.40190523e-02, 2.33196402e-02,
        2.29478008e-02, 2.27530278e-02, 2.25228416e-02, 2.21332956e-02,
        2.16020965e-02, 2.13187903e-02, 2.10708974e-02, 2.07698846e-02,
        2.05219916e-02, 2.03449253e-02, 2.01678589e-02, 1.94330335e-02,
        1.92294072e-02, 1.90611941e-02, 1.89549543e-02, 1.88310079e-02,
        1.87247680e-02, 1.85211417e-02, 1.81758623e-02, 1.80961824e-02,
        1.80519159e-02, 1.80076493e-02, 1.79633827e-02, 1.79191161e-02,
        1.78748495e-02, 1.78659962e-02, 1.78659962e-02, 1.78659962e-02,
        1.78659962e-02, 1.78659962e-02, 1.78659962e-02, 1.78659962e-02,
        1.78659962e-02, 1.78659962e-02, 1.78659962e-02, 1.78659962e-02,
        1.78659962e-02, 1.78659962e-02, 1.78659962e-02, 1.78659962e-02,
        1.78659962e-02, 1.78659962e-02],
       [0.00000000e+00, 8.35856910e-03, 1.37793564e-02, 8.15857673e-03,
        4.36664724e-02, 2.17113369e-02, 1.59990022e-02, 3.07411020e-02,
        2.04584277e-02, 1.49512410e-02, 1.61852293e-02, 2.06192303e-02,
        2.87232851e-02, 2.09650975e-02, 2.00482327e-02, 2.12428291e-02,
        2.03065885e-02, 1.93166347e-02, 1.96869659e-02, 4.27983505e-02,
        2.26563893e-02, 2.12263175e-02, 2.01806792e-02, 2.08730875e-02,
        1.97931287e-02, 2.38273640e-02, 3.13667057e-02, 2.02873474e-02,
        1.99480680e-02, 2.00406509e-02, 1.95332229e-02, 1.99723636e-02,
        2.00390839e-02, 1.87360671e-02, 1.84832713e-02, 1.84418913e-02,
        1.84005112e-02, 1.84005112e-02, 1.84005112e-02, 1.83849937e-02,
        1.83849937e-02, 1.83849937e-02, 1.83849937e-02, 1.83436136e-02,
        1.83436136e-02, 1.83436136e-02, 1.82867161e-02, 1.82867161e-02,
        1.82867161e-02, 1.82453360e-02],
       [0.00000000e+00, 1.40367048e-02, 2.45494184e-02, 1.39183597e-02,
        8.42567129e-02, 4.31299175e-02, 2.45406643e-02, 6.10045826e-02,
        3.32657670e-02, 1.76962367e-02, 2.06014250e-02, 3.81681354e-02,
        4.78466844e-02, 2.73228111e-02, 2.47873656e-02, 3.00729352e-02,
        2.57327272e-02, 1.94941251e-02, 1.96393543e-02, 7.46473783e-02,
        2.39607665e-02, 2.12930188e-02, 1.54424466e-02, 1.71855450e-02,
        1.60982043e-02, 2.46096881e-02, 4.48482167e-02, 1.48057754e-02,
        1.10375750e-02, 1.10738823e-02, 1.14061285e-02, 1.10355060e-02,
        1.10731906e-02, 7.97063539e-03, 7.09050721e-03, 7.09050721e-03,
        7.09050721e-03, 7.09050721e-03, 7.09050721e-03, 7.09050721e-03,
        7.09050721e-03, 7.09050721e-03, 7.09050721e-03, 7.09050721e-03,
        7.09050721e-03, 7.09050721e-03, 7.09050721e-03, 7.09050721e-03,
        7.09050721e-03, 7.09050721e-03],
       [0.00000000e+00, 1.61659606e-02, 3.03799058e-02, 1.78883332e-02,
        1.00690497e-01, 5.78992273e-02, 3.12551020e-02, 8.03325746e-02,
        4.25448641e-02, 2.10457247e-02, 2.55006754e-02, 5.30478952e-02,
        6.01302898e-02, 3.23095210e-02, 2.91259004e-02, 3.84571430e-02,
        3.14040961e-02, 2.04814901e-02, 2.04816963e-02, 8.62780582e-02,
        2.54714881e-02, 2.28149195e-02, 1.27727292e-02, 1.52997094e-02,
        1.51698900e-02, 2.54724096e-02, 4.60787617e-02, 1.22543135e-02,
        5.12846650e-03, 5.12851806e-03, 6.81246865e-03, 5.32282210e-03,
        5.32287561e-03, 1.37057289e-03, 1.00687651e-05, 1.00687651e-05,
        1.00687651e-05, 1.00687651e-05, 1.00687651e-05, 1.00687651e-05,
        1.00687651e-05, 1.00687651e-05, 1.00687651e-05, 1.00687651e-05,
        1.00687651e-05, 1.00687651e-05, 1.00687651e-05, 1.00687651e-05,
        1.00687651e-05, 1.00687651e-05]]))])