OrderedDict([('tech_stage', array([[0, 0, 0, ..., 2, 2, 2],
       [0, 0, 0, ..., 2, 2, 2],
       [0, 0, 0, ..., 2, 2, 2],
       ...,
       [0, 0, 1, ..., 2, 2, 2],
       [0, 0, 0, ..., 2, 2, 2],
       [0, 0, 0, ..., 2, 2, 2]])), ('res_plants', array([[0, 0, 0, ..., 1, 1, 1],
       [0, 0, 0, ..., 1, 1, 1],
       [0, 0, 0, ..., 1, 1, 1],
       ...,
       [0, 0, 0, ..., 0, 0, 0],
       [0, 0, 0, ..., 1, 1, 1],
       [0, 0, 0, ..., 0, 0, 0]])), ('res_penetration', array([[0.        , 0.        , 0.        , ..., 0.06666667, 0.06666667,
        0.06666667],
       [0.        , 0.        , 0.        , ..., 0.06666667, 0.06666667,
        0.06666667],
       [0.        , 0.        , 0.        , ..., 0.06666667, 0.06666667,
        0.06666667],
       ...,
       [0.        , 0.        , 0.        , ..., 0.06666667, 0.06666667,
        0.06666667],
       [0.        , 0.        , 0.        , ..., 0.        , 0.        ,
        0.        ],
       [0.        , 0.        , 0.        , ..., 0.06666667, 0.06666667,
        0.06666667]])), ('tax_level', array([[ 0.  ,  0.  ,  0.  , ..., -8.37, -8.37, -8.37],
       [ 0.  ,  0.  ,  0.  , ..., -8.37, -8.37, -8.37],
       [ 0.  ,  0.  ,  0.  , ..., -8.37, -8.37, -8.37],
       ...,
       [ 0.  ,  0.  ,  0.  , ..., -8.37, -8.37, -8.37],
       [ 0.  ,  0.  ,  0.  , ..., -8.37, -8.37, -8.37],
       [ 0.  ,  0.  ,  0.  , ..., -8.37, -8.37, -8.37]])), ('tax_adjustment', array([[ 0,  0,  0, ..., -1, -1, -1],
       [ 0,  0,  0, ..., -1, -1, -1],
       [ 0,  0,  0, ..., -1, -1, -1],
       ...,
       [ 0,  0,  0, ..., -1, -1, -1],
       [ 0,  0,  0, ..., -1, -1, -1],
       [ 0,  0,  0, ..., -1, -1, -1]])), ('co2_price', array([[ 41.84      ,  43.0952    ,  44.388056  , ..., 134.2781266 ,
        138.3064704 , 142.45566451],
       [ 41.84      ,  43.0952    ,  44.388056  , ..., 134.2781266 ,
        138.3064704 , 142.45566451],
       [ 41.84      ,  43.0952    ,  44.388056  , ..., 134.2781266 ,
        138.3064704 , 142.45566451],
       ...,
       [ 41.84      ,  43.0952    ,  44.388056  , ..., 134.2781266 ,
        138.3064704 , 142.45566451],
       [ 41.84      ,  43.0952    ,  44.388056  , ..., 134.2781266 ,
        138.3064704 , 142.45566451],
       [ 41.84      ,  43.0952    ,  44.388056  , ..., 134.2781266 ,
        138.3064704 , 142.45566451]])), ('co2_tax', array([[2.17711930e+08, 2.24243287e+08, 2.30970586e+08, ...,
        6.52127630e+08, 6.71691459e+08, 6.91842203e+08],
       [2.17711930e+08, 2.24243287e+08, 2.30970586e+08, ...,
        6.98708175e+08, 7.19669420e+08, 7.41259503e+08],
       [2.17711930e+08, 2.24243287e+08, 2.30970586e+08, ...,
        6.52127630e+08, 6.71691459e+08, 6.91842203e+08],
       ...,
       [2.17711930e+08, 2.24243287e+08, 2.30970586e+08, ...,
        6.52127630e+08, 6.71691459e+08, 6.91842203e+08],
       [2.17711930e+08, 2.24243287e+08, 2.30970586e+08, ...,
        6.52127630e+08, 6.71691459e+08, 6.91842203e+08],
       [2.17711930e+08, 2.24243287e+08, 2.30970586e+08, ...,
        6.52127630e+08, 6.71691459e+08, 6.91842203e+08]])), ('co2_emissions', array([[5203440., 5203440., 5203440., ..., 5203440., 5203440., 5203440.],
       [5203440., 5203440., 5203440., ..., 4856544., 4856544., 4856544.],
       [5203440., 5203440., 5203440., ..., 4856544., 4856544., 4856544.],
       ...,
       [5203440., 5203440., 5203440., ..., 4856544., 4856544., 4856544.],
       [5203440., 5203440., 5203440., ..., 5203440., 5203440., 5203440.],
       [5203440., 5203440., 5203440., ..., 4856544., 4856544., 4856544.]])), ('cost_total', array([[6.82637680e+08, 6.89169037e+08, 6.95896336e+08, ...,
        1.09418055e+09, 1.11374438e+09, 1.13389513e+09],
       [6.82637680e+08, 6.89169037e+08, 6.95896336e+08, ...,
        1.16363393e+09, 1.18459517e+09, 1.20618525e+09],
       [6.82637680e+08, 6.89169037e+08, 6.95896336e+08, ...,
        1.09418055e+09, 1.11374438e+09, 1.13389513e+09],
       ...,
       [6.82637680e+08, 6.89169037e+08, 6.95896336e+08, ...,
        1.09418055e+09, 1.11374438e+09, 1.13389513e+09],
       [6.82637680e+08, 6.89169037e+08, 6.95896336e+08, ...,
        1.09418055e+09, 1.11374438e+09, 1.13389513e+09],
       [6.82637680e+08, 6.89169037e+08, 6.95896336e+08, ...,
        1.09418055e+09, 1.11374438e+09, 1.13389513e+09]])), ('cost_breakdown', array([[2.17711930e+08, 2.24243287e+08, 2.30662625e+08, 2.36948105e+08,
        2.43403117e+08, 2.49948047e+08, 2.56319998e+08, 2.10481079e+08,
        2.16280732e+08, 2.22541916e+08, 2.28594026e+08, 2.34889334e+08,
        2.41273856e+08, 2.47489037e+08, 2.54386845e+08, 2.61385338e+08,
        2.68947423e+08, 2.76056318e+08, 2.83843850e+08, 2.91748387e+08,
        2.99242636e+08, 3.07679936e+08, 3.16354156e+08, 3.25501063e+08,
        3.35266095e+08, 3.45324077e+08, 3.55683800e+08, 3.66354314e+08,
        3.77344943e+08, 3.88665291e+08, 4.00325250e+08, 4.12335008e+08,
        4.24705058e+08, 4.37446210e+08, 4.50569596e+08, 4.64086684e+08,
        4.78009284e+08, 4.92349563e+08, 5.07120050e+08, 5.22333651e+08,
        5.38003661e+08, 5.54143771e+08, 5.70768084e+08, 5.87891126e+08,
        6.05527860e+08, 6.23693696e+08, 6.42404507e+08, 6.61676642e+08,
        6.81526941e+08, 7.01972749e+08],
       [4.64925750e+08, 4.64925750e+08, 4.64305849e+08, 4.63066047e+08,
        4.61826245e+08, 4.60431468e+08, 4.58416790e+08, 4.56867037e+08,
        4.55782210e+08, 4.55317284e+08, 4.54077482e+08, 4.52992656e+08,
        4.51752854e+08, 4.49893151e+08, 4.48963299e+08, 4.47878472e+08,
        4.47413547e+08, 4.45863794e+08, 4.45088918e+08, 4.44159066e+08,
        4.42299364e+08, 4.41524487e+08, 4.40749611e+08, 4.40284685e+08,
        4.40284685e+08, 4.40284685e+08, 4.40284685e+08, 4.40284685e+08,
        4.40284685e+08, 4.40284685e+08, 4.40284685e+08, 4.40284685e+08,
        4.40284685e+08, 4.40284685e+08, 4.40284685e+08, 4.40284685e+08,
        4.40284685e+08, 4.40284685e+08, 4.40284685e+08, 4.40284685e+08,
        4.40284685e+08, 4.40284685e+08, 4.40284685e+08, 4.40284685e+08,
        4.40284685e+08, 4.40284685e+08, 4.40284685e+08, 4.40284685e+08,
        4.40284685e+08, 4.40284685e+08],
       [0.00000000e+00, 0.00000000e+00, 9.52000000e+05, 1.97433600e+06,
        2.11500800e+06, 2.49368000e+06, 3.60393600e+06, 3.11852800e+06,
        2.58036800e+06, 1.75145600e+06, 2.99420800e+06, 2.89688000e+06,
        3.25796800e+06, 4.35064000e+06, 3.13364800e+06, 3.47715200e+06,
        2.64824000e+06, 4.36699200e+06, 3.35283200e+06, 3.67875200e+06,
        5.21225600e+06, 3.75726400e+06, 3.84518400e+06, 3.45710400e+06,
        2.79585600e+06, 2.79585600e+06, 2.79585600e+06, 2.79585600e+06,
        2.79585600e+06, 2.79585600e+06, 2.79585600e+06, 2.79585600e+06,
        2.79585600e+06, 2.79585600e+06, 2.79585600e+06, 2.79585600e+06,
        2.79585600e+06, 2.79585600e+06, 2.79585600e+06, 2.79585600e+06,
        2.79585600e+06, 2.79585600e+06, 2.79585600e+06, 2.79585600e+06,
        2.79585600e+06, 2.79585600e+06, 2.79585600e+06, 2.79585600e+06,
        2.79585600e+06, 2.79585600e+06],
       [0.00000000e+00, 0.00000000e+00, 8.48434848e+06, 1.70607156e+07,
        1.72447529e+07, 1.95498773e+07, 2.82412677e+07, 2.21770669e+07,
        1.60438521e+07, 7.72053629e+06, 1.83949859e+07, 1.64579360e+07,
        1.87400558e+07, 2.74084415e+07, 1.49579747e+07, 1.72170898e+07,
        8.89377394e+06, 2.38103978e+07, 1.34350088e+07, 1.56711192e+07,
        2.85356699e+07, 1.39641159e+07, 1.40791392e+07, 9.95198829e+06,
        3.65774092e+06, 3.65774092e+06, 3.65774092e+06, 3.65774092e+06,
        3.65774092e+06, 3.65774092e+06, 3.65774092e+06, 3.65774092e+06,
        3.65774092e+06, 3.65774092e+06, 3.65774092e+06, 3.65774092e+06,
        3.65774092e+06, 3.65774092e+06, 3.65774092e+06, 3.65774092e+06,
        3.65774092e+06, 3.65774092e+06, 3.65774092e+06, 3.65774092e+06,
        3.65774092e+06, 3.65774092e+06, 3.65774092e+06, 3.65774092e+06,
        3.65774092e+06, 3.65774092e+06],
       [0.00000000e+00, 0.00000000e+00, 8.91694027e+06, 1.78339704e+07,
        1.78341500e+07, 2.00635647e+07, 2.89807070e+07, 2.22932937e+07,
        1.56058131e+07, 6.68902997e+06, 1.78352727e+07, 1.56062172e+07,
        1.78356095e+07, 2.67527294e+07, 1.33775884e+07, 1.56069582e+07,
        6.69017512e+06, 2.22948879e+07, 1.11489372e+07, 1.33782845e+07,
        2.67538296e+07, 1.11494536e+07, 1.11495659e+07, 6.69120799e+06,
        3.57015316e+03, 3.57015316e+03, 3.57015316e+03, 3.57015316e+03,
        3.57015316e+03, 3.57015316e+03, 3.57015316e+03, 3.57015316e+03,
        3.57015316e+03, 3.57015316e+03, 3.57015316e+03, 3.57015316e+03,
        3.57015316e+03, 3.57015316e+03, 3.57015316e+03, 3.57015316e+03,
        3.57015316e+03, 3.57015316e+03, 3.57015316e+03, 3.57015316e+03,
        3.57015316e+03, 3.57015316e+03, 3.57015316e+03, 3.57015316e+03,
        3.57015316e+03, 3.57015316e+03]])), ('cost_percent', array([[1.14050938e-02, 1.17472467e-02, 1.20875644e-02, 1.24335745e-02,
        1.27851875e-02, 1.31334854e-02, 1.34957140e-02, 1.10973623e-02,
        1.13647911e-02, 1.16660544e-02, 1.19833394e-02, 1.22965328e-02,
        1.26220689e-02, 1.29784006e-02, 1.33493524e-02, 1.37261427e-02,
        1.40988855e-02, 1.44816392e-02, 1.48746692e-02, 1.52729148e-02,
        1.56926533e-02, 1.61521179e-02, 1.65958910e-02, 1.70637576e-02,
        1.75756703e-02, 1.81029404e-02, 1.86460286e-02, 1.92054095e-02,
        1.97815718e-02, 2.03750189e-02, 2.09862695e-02, 2.16158576e-02,
        2.22643333e-02, 2.29322633e-02, 2.36202312e-02, 2.43288382e-02,
        2.50587033e-02, 2.58104644e-02, 2.65847783e-02, 2.73823217e-02,
        2.82037913e-02, 2.90499051e-02, 2.99214022e-02, 3.08190443e-02,
        3.17436156e-02, 3.26959241e-02, 3.36768018e-02, 3.46871059e-02,
        3.57277191e-02, 3.67995506e-02],
       [2.08210431e-02, 2.08210431e-02, 2.08002221e-02, 2.07724607e-02,
        2.07377590e-02, 2.06822362e-02, 2.06336537e-02, 2.05920117e-02,
        2.04740257e-02, 2.04046223e-02, 2.03490995e-02, 2.02727557e-02,
        2.02033522e-02, 2.01686504e-02, 2.01408891e-02, 2.01061873e-02,
        2.00506645e-02, 1.99951418e-02, 1.99396190e-02, 1.98771558e-02,
        1.98285734e-02, 1.98146927e-02, 1.97661103e-02, 1.97314085e-02,
        1.97314085e-02, 1.97314085e-02, 1.97314085e-02, 1.97314085e-02,
        1.97314085e-02, 1.97314085e-02, 1.97314085e-02, 1.97314085e-02,
        1.97314085e-02, 1.97314085e-02, 1.97314085e-02, 1.97314085e-02,
        1.97314085e-02, 1.97314085e-02, 1.97314085e-02, 1.97314085e-02,
        1.97314085e-02, 1.97314085e-02, 1.97314085e-02, 1.97314085e-02,
        1.97314085e-02, 1.97314085e-02, 1.97314085e-02, 1.97314085e-02,
        1.97314085e-02, 1.97314085e-02],
       [0.00000000e+00, 0.00000000e+00, 5.15096988e-03, 7.24852561e-03,
        9.47293660e-03, 1.52581828e-02, 1.45560349e-02, 1.37270317e-02,
        3.33750528e-02, 2.35126625e-02, 2.13472352e-02, 2.75130471e-02,
        2.71914650e-02, 1.98750678e-02, 1.87923541e-02, 2.10167651e-02,
        2.68020113e-02, 2.78168533e-02, 2.88316954e-02, 3.15635274e-02,
        2.92712448e-02, 2.15742818e-02, 3.04129421e-02, 2.78669490e-02,
        1.99162755e-02, 1.99162755e-02, 1.99162755e-02, 1.99162755e-02,
        1.99162755e-02, 1.99162755e-02, 1.99162755e-02, 1.99162755e-02,
        1.99162755e-02, 1.99162755e-02, 1.99162755e-02, 1.99162755e-02,
        1.99162755e-02, 1.99162755e-02, 1.99162755e-02, 1.99162755e-02,
        1.99162755e-02, 1.99162755e-02, 1.99162755e-02, 1.99162755e-02,
        1.99162755e-02, 1.99162755e-02, 1.99162755e-02, 1.99162755e-02,
        1.99162755e-02, 1.99162755e-02],
       [0.00000000e+00, 0.00000000e+00, 1.36705711e-02, 1.83756949e-02,
        2.31302411e-02, 3.70479235e-02, 3.28864447e-02, 2.86755436e-02,
        7.90975045e-02, 4.80396839e-02, 3.94201926e-02, 5.34861419e-02,
        4.94729299e-02, 2.71828674e-02, 2.28731218e-02, 2.76276679e-02,
        4.15453503e-02, 4.19407285e-02, 4.23361067e-02, 4.72883419e-02,
        3.86194283e-02, 1.61810991e-02, 3.90642288e-02, 3.02964706e-02,
        7.75929681e-03, 7.75929681e-03, 7.75929681e-03, 7.75929681e-03,
        7.75929681e-03, 7.75929681e-03, 7.75929681e-03, 7.75929681e-03,
        7.75929681e-03, 7.75929681e-03, 7.75929681e-03, 7.75929681e-03,
        7.75929681e-03, 7.75929681e-03, 7.75929681e-03, 7.75929681e-03,
        7.75929681e-03, 7.75929681e-03, 7.75929681e-03, 7.75929681e-03,
        7.75929681e-03, 7.75929681e-03, 7.75929681e-03, 7.75929681e-03,
        7.75929681e-03, 7.75929681e-03],
       [0.00000000e+00, 0.00000000e+00, 1.91012241e-02, 2.54684912e-02,
        3.18358225e-02, 5.09373672e-02, 4.45708056e-02, 3.82041798e-02,
        1.08242386e-01, 6.36739536e-02, 5.09404456e-02, 7.00421827e-02,
        6.36758135e-02, 3.18410813e-02, 2.54743272e-02, 3.18416584e-02,
        5.09432032e-02, 5.09437163e-02, 5.09442293e-02, 5.73118171e-02,
        4.45782449e-02, 1.27433203e-02, 4.45788221e-02, 3.18451216e-02,
        1.00687012e-05, 1.00687012e-05, 1.00687012e-05, 1.00687012e-05,
        1.00687012e-05, 1.00687012e-05, 1.00687012e-05, 1.00687012e-05,
        1.00687012e-05, 1.00687012e-05, 1.00687012e-05, 1.00687012e-05,
        1.00687012e-05, 1.00687012e-05, 1.00687012e-05, 1.00687012e-05,
        1.00687012e-05, 1.00687012e-05, 1.00687012e-05, 1.00687012e-05,
        1.00687012e-05, 1.00687012e-05, 1.00687012e-05, 1.00687012e-05,
        1.00687012e-05, 1.00687012e-05]]))])