PARAMETERS:
n_years : 10
n_tech_stages : 3
n_plants : 5
fplant_size : 600000
fplant_capacity : 0.6
rplant_capacity : 0.3
c_co2_init : 40
co2_inc : 0.05
c_ff_fix : 26.27
c_ff_var : 0.043
ff_emit : 0.0011
c_res_cap : (1284, 746, 456)
bss_coefs : [0.00016, 0.10896, 0.01448]
c_bss_cap : (1520, 1352, 1032)
c_bss_fix : 37
c_bss_var : 1.75
p_adv_tech_stage : 0.25
disc_rate : 0.06


OPTIMAL POLICY:
State	     Time
(0, 0, 0) :  [0 0 0 0 0 0 0 0 0 0]
(0, 0, 1) :  [0 0 0 0 0 0 0 0 0 0]
(0, 0, 2) :  [0 0 0 0 0 0 0 0 0 0]
(0, 0, 3) :  [0 0 0 0 0 0 0 0 0 0]
(0, 0, 4) :  [0 0 0 0 0 0 0 0 0 0]
(0, 0, 5) :  [0 0 0 0 0 0 0 0 0 0]
(0, 1, 0) :  [5 5 5 5 5 5 5 5 5 5]
(0, 1, 1) :  [4 4 4 4 4 4 4 4 4 4]
(0, 1, 2) :  [3 3 3 3 3 3 3 3 3 3]
(0, 1, 3) :  [2 2 2 2 2 2 2 2 2 2]
(0, 1, 4) :  [1 1 1 1 1 1 1 1 1 1]
(0, 1, 5) :  [0 0 0 0 0 0 0 0 0 0]
(0, 2, 0) :  [5 5 5 5 5 5 5 5 5 5]
(0, 2, 1) :  [4 4 4 4 4 4 4 4 4 4]
(0, 2, 2) :  [3 3 3 3 3 3 3 3 3 3]
(0, 2, 3) :  [2 2 2 2 2 2 2 2 2 2]
(0, 2, 4) :  [1 1 1 1 1 1 1 1 1 1]
(0, 2, 5) :  [0 0 0 0 0 0 0 0 0 0]
(1, 0, 0) :  [0 0 0 0 0 0 0 0 0 0]
(1, 0, 1) :  [0 0 0 0 0 0 0 0 0 0]
(1, 0, 2) :  [0 0 0 0 0 0 0 0 0 0]
(1, 0, 3) :  [0 0 0 0 0 0 0 0 0 0]
(1, 0, 4) :  [0 0 0 0 0 0 0 0 0 0]
(1, 0, 5) :  [0 0 0 0 0 0 0 0 0 0]
(1, 1, 0) :  [5 5 5 5 5 5 5 5 5 5]
(1, 1, 1) :  [4 4 4 4 4 4 4 4 4 4]
(1, 1, 2) :  [3 3 3 3 3 3 3 3 3 3]
(1, 1, 3) :  [2 2 2 2 2 2 2 2 2 2]
(1, 1, 4) :  [1 1 1 1 1 1 1 1 1 1]
(1, 1, 5) :  [0 0 0 0 0 0 0 0 0 0]
(1, 2, 0) :  [5 5 5 5 5 5 5 5 5 5]
(1, 2, 1) :  [4 4 4 4 4 4 4 4 4 4]
(1, 2, 2) :  [3 3 3 3 3 3 3 3 3 3]
(1, 2, 3) :  [2 2 2 2 2 2 2 2 2 2]
(1, 2, 4) :  [1 1 1 1 1 1 1 1 1 1]
(1, 2, 5) :  [0 0 0 0 0 0 0 0 0 0]
(2, 0, 0) :  [0 0 0 0 0 0 0 0 0 0]
(2, 0, 1) :  [0 0 0 0 0 0 0 0 0 0]
(2, 0, 2) :  [0 0 0 0 0 0 0 0 0 0]
(2, 0, 3) :  [0 0 0 0 0 0 0 0 0 0]
(2, 0, 4) :  [0 0 0 0 0 0 0 0 0 0]
(2, 0, 5) :  [0 0 0 0 0 0 0 0 0 0]
(2, 1, 0) :  [5 5 5 5 5 5 5 5 5 5]
(2, 1, 1) :  [4 4 4 4 4 4 4 4 4 4]
(2, 1, 2) :  [3 3 3 3 3 3 3 3 3 3]
(2, 1, 3) :  [2 2 2 2 2 2 2 2 2 2]
(2, 1, 4) :  [1 1 1 1 1 1 1 1 1 1]
(2, 1, 5) :  [0 0 0 0 0 0 0 0 0 0]
(2, 2, 0) :  [5 5 5 5 5 5 5 5 5 5]
(2, 2, 1) :  [4 4 4 4 4 4 4 4 4 4]
(2, 2, 2) :  [3 3 3 3 3 3 3 3 3 3]
(2, 2, 3) :  [2 2 2 2 2 2 2 2 2 2]
(2, 2, 4) :  [1 1 1 1 1 1 1 1 1 1]
(2, 2, 5) :  [0 0 0 0 0 0 0 0 0 0]
(3, 0, 0) :  [0 0 0 0 0 0 0 0 0 0]
(3, 0, 1) :  [0 0 0 0 0 0 0 0 0 0]
(3, 0, 2) :  [0 0 0 0 0 0 0 0 0 0]
(3, 0, 3) :  [0 0 0 0 0 0 0 0 0 0]
(3, 0, 4) :  [0 0 0 0 0 0 0 0 0 0]
(3, 0, 5) :  [0 0 0 0 0 0 0 0 0 0]
(3, 1, 0) :  [5 5 5 5 5 5 5 5 5 5]
(3, 1, 1) :  [4 4 4 4 4 4 4 4 4 4]
(3, 1, 2) :  [3 3 3 3 3 3 3 3 3 3]
(3, 1, 3) :  [2 2 2 2 2 2 2 2 2 2]
(3, 1, 4) :  [1 1 1 1 1 1 1 1 1 1]
(3, 1, 5) :  [0 0 0 0 0 0 0 0 0 0]
(3, 2, 0) :  [5 5 5 5 5 5 5 5 5 5]
(3, 2, 1) :  [4 4 4 4 4 4 4 4 4 4]
(3, 2, 2) :  [3 3 3 3 3 3 3 3 3 3]
(3, 2, 3) :  [2 2 2 2 2 2 2 2 2 2]
(3, 2, 4) :  [1 1 1 1 1 1 1 1 1 1]
(3, 2, 5) :  [0 0 0 0 0 0 0 0 0 0]
(4, 0, 0) :  [0 0 0 0 0 0 0 0 0 0]
(4, 0, 1) :  [0 0 0 0 0 0 0 0 0 0]
(4, 0, 2) :  [0 0 0 0 0 0 0 0 0 0]
(4, 0, 3) :  [0 0 0 0 0 0 0 0 0 0]
(4, 0, 4) :  [0 0 0 0 0 0 0 0 0 0]
(4, 0, 5) :  [0 0 0 0 0 0 0 0 0 0]
(4, 1, 0) :  [5 5 5 5 5 5 5 5 5 5]
(4, 1, 1) :  [4 4 4 4 4 4 4 4 4 4]
(4, 1, 2) :  [3 3 3 3 3 3 3 3 3 3]
(4, 1, 3) :  [2 2 2 2 2 2 2 2 2 2]
(4, 1, 4) :  [1 1 1 1 1 1 1 1 1 1]
(4, 1, 5) :  [0 0 0 0 0 0 0 0 0 0]
(4, 2, 0) :  [5 5 5 5 5 5 5 5 5 5]
(4, 2, 1) :  [4 4 4 4 4 4 4 4 4 4]
(4, 2, 2) :  [3 3 3 3 3 3 3 3 3 3]
(4, 2, 3) :  [2 2 2 2 2 2 2 2 2 2]
(4, 2, 4) :  [1 1 1 1 1 1 1 1 1 1]
(4, 2, 5) :  [0 0 0 0 0 0 0 0 0 0]
(5, 0, 0) :  [0 0 0 0 0 0 0 0 0 0]
(5, 0, 1) :  [0 0 0 0 0 0 0 0 0 0]
(5, 0, 2) :  [0 0 0 0 0 0 0 0 0 0]
(5, 0, 3) :  [0 0 0 0 0 0 0 0 0 0]
(5, 0, 4) :  [0 0 0 0 0 0 0 0 0 0]
(5, 0, 5) :  [0 0 0 0 0 0 0 0 0 0]
(5, 1, 0) :  [5 5 5 5 5 5 5 5 5 5]
(5, 1, 1) :  [4 4 4 4 4 4 4 4 4 4]
(5, 1, 2) :  [3 3 3 3 3 3 3 3 3 3]
(5, 1, 3) :  [2 2 2 2 2 2 2 2 2 2]
(5, 1, 4) :  [1 1 1 1 1 1 1 1 1 1]
(5, 1, 5) :  [0 0 0 0 0 0 0 0 0 0]
(5, 2, 0) :  [5 5 5 5 5 5 5 5 5 5]
(5, 2, 1) :  [4 4 4 4 4 4 4 4 4 4]
(5, 2, 2) :  [3 3 3 3 3 3 3 3 3 3]
(5, 2, 3) :  [2 2 2 2 2 2 2 2 2 2]
(5, 2, 4) :  [1 1 1 1 1 1 1 1 1 1]
(5, 2, 5) :  [0 0 0 0 0 0 0 0 0 0]
(6, 0, 0) :  [0 0 0 0 0 0 0 0 0 0]
(6, 0, 1) :  [0 0 0 0 0 0 0 0 0 0]
(6, 0, 2) :  [0 0 0 0 0 0 0 0 0 0]
(6, 0, 3) :  [0 0 0 0 0 0 0 0 0 0]
(6, 0, 4) :  [0 0 0 0 0 0 0 0 0 0]
(6, 0, 5) :  [0 0 0 0 0 0 0 0 0 0]
(6, 1, 0) :  [5 5 5 5 5 5 5 5 5 5]
(6, 1, 1) :  [4 4 4 4 4 4 4 4 4 4]
(6, 1, 2) :  [3 3 3 3 3 3 3 3 3 3]
(6, 1, 3) :  [2 2 2 2 2 2 2 2 2 2]
(6, 1, 4) :  [1 1 1 1 1 1 1 1 1 1]
(6, 1, 5) :  [0 0 0 0 0 0 0 0 0 0]
(6, 2, 0) :  [5 5 5 5 5 5 5 5 5 5]
(6, 2, 1) :  [4 4 4 4 4 4 4 4 4 4]
(6, 2, 2) :  [3 3 3 3 3 3 3 3 3 3]
(6, 2, 3) :  [2 2 2 2 2 2 2 2 2 2]
(6, 2, 4) :  [1 1 1 1 1 1 1 1 1 1]
(6, 2, 5) :  [0 0 0 0 0 0 0 0 0 0]
(7, 0, 0) :  [0 0 0 0 0 0 0 0 0 0]
(7, 0, 1) :  [0 0 0 0 0 0 0 0 0 0]
(7, 0, 2) :  [0 0 0 0 0 0 0 0 0 0]
(7, 0, 3) :  [0 0 0 0 0 0 0 0 0 0]
(7, 0, 4) :  [0 0 0 0 0 0 0 0 0 0]
(7, 0, 5) :  [0 0 0 0 0 0 0 0 0 0]
(7, 1, 0) :  [5 5 5 5 5 5 5 5 5 5]
(7, 1, 1) :  [4 4 4 4 4 4 4 4 4 4]
(7, 1, 2) :  [3 3 3 3 3 3 3 3 3 3]
(7, 1, 3) :  [2 2 2 2 2 2 2 2 2 2]
(7, 1, 4) :  [1 1 1 1 1 1 1 1 1 1]
(7, 1, 5) :  [0 0 0 0 0 0 0 0 0 0]
(7, 2, 0) :  [5 5 5 5 5 5 5 5 5 5]
(7, 2, 1) :  [4 4 4 4 4 4 4 4 4 4]
(7, 2, 2) :  [3 3 3 3 3 3 3 3 3 3]
(7, 2, 3) :  [2 2 2 2 2 2 2 2 2 2]
(7, 2, 4) :  [1 1 1 1 1 1 1 1 1 1]
(7, 2, 5) :  [0 0 0 0 0 0 0 0 0 0]
(8, 0, 0) :  [0 0 0 0 0 0 0 0 0 0]
(8, 0, 1) :  [0 0 0 0 0 0 0 0 0 0]
(8, 0, 2) :  [0 0 0 0 0 0 0 0 0 0]
(8, 0, 3) :  [0 0 0 0 0 0 0 0 0 0]
(8, 0, 4) :  [0 0 0 0 0 0 0 0 0 0]
(8, 0, 5) :  [0 0 0 0 0 0 0 0 0 0]
(8, 1, 0) :  [5 5 5 5 5 5 5 5 5 5]
(8, 1, 1) :  [4 4 4 4 4 4 4 4 4 4]
(8, 1, 2) :  [3 3 3 3 3 3 3 3 3 3]
(8, 1, 3) :  [2 2 2 2 2 2 2 2 2 2]
(8, 1, 4) :  [1 1 1 1 1 1 1 1 1 1]
(8, 1, 5) :  [0 0 0 0 0 0 0 0 0 0]
(8, 2, 0) :  [5 5 5 5 5 5 5 5 5 5]
(8, 2, 1) :  [4 4 4 4 4 4 4 4 4 4]
(8, 2, 2) :  [3 3 3 3 3 3 3 3 3 3]
(8, 2, 3) :  [2 2 2 2 2 2 2 2 2 2]
(8, 2, 4) :  [1 1 1 1 1 1 1 1 1 1]
(8, 2, 5) :  [0 0 0 0 0 0 0 0 0 0]
(9, 0, 0) :  [0 0 0 0 0 0 0 0 0 0]
(9, 0, 1) :  [0 0 0 0 0 0 0 0 0 0]
(9, 0, 2) :  [0 0 0 0 0 0 0 0 0 0]
(9, 0, 3) :  [0 0 0 0 0 0 0 0 0 0]
(9, 0, 4) :  [0 0 0 0 0 0 0 0 0 0]
(9, 0, 5) :  [0 0 0 0 0 0 0 0 0 0]
(9, 1, 0) :  [5 5 5 5 5 5 5 5 5 5]
(9, 1, 1) :  [4 4 4 4 4 4 4 4 4 4]
(9, 1, 2) :  [3 3 3 3 3 3 3 3 3 3]
(9, 1, 3) :  [2 2 2 2 2 2 2 2 2 2]
(9, 1, 4) :  [1 1 1 1 1 1 1 1 1 1]
(9, 1, 5) :  [0 0 0 0 0 0 0 0 0 0]
(9, 2, 0) :  [5 5 5 5 5 5 5 5 5 5]
(9, 2, 1) :  [4 4 4 4 4 4 4 4 4 4]
(9, 2, 2) :  [3 3 3 3 3 3 3 3 3 3]
(9, 2, 3) :  [2 2 2 2 2 2 2 2 2 2]
(9, 2, 4) :  [1 1 1 1 1 1 1 1 1 1]
(9, 2, 5) :  [0 0 0 0 0 0 0 0 0 0]
(10, 0, 0) :  [0 0 0 0 0 0 0 0 0 0]
(10, 0, 1) :  [0 0 0 0 0 0 0 0 0 0]
(10, 0, 2) :  [0 0 0 0 0 0 0 0 0 0]
(10, 0, 3) :  [0 0 0 0 0 0 0 0 0 0]
(10, 0, 4) :  [0 0 0 0 0 0 0 0 0 0]
(10, 0, 5) :  [0 0 0 0 0 0 0 0 0 0]
(10, 1, 0) :  [5 5 5 5 5 5 5 5 5 5]
(10, 1, 1) :  [4 4 4 4 4 4 4 4 4 4]
(10, 1, 2) :  [3 3 3 3 3 3 3 3 3 3]
(10, 1, 3) :  [2 2 2 2 2 2 2 2 2 2]
(10, 1, 4) :  [1 1 1 1 1 1 1 1 1 1]
(10, 1, 5) :  [0 0 0 0 0 0 0 0 0 0]
(10, 2, 0) :  [5 5 5 5 5 5 5 5 5 5]
(10, 2, 1) :  [4 4 4 4 4 4 4 4 4 4]
(10, 2, 2) :  [3 3 3 3 3 3 3 3 3 3]
(10, 2, 3) :  [2 2 2 2 2 2 2 2 2 2]
(10, 2, 4) :  [1 1 1 1 1 1 1 1 1 1]
(10, 2, 5) :  [0 0 0 0 0 0 0 0 0 0]
